0 1 2 3 4 5 6 7 8 9 10 11 12 13 14 15 16 20 21 22 23 26 27 28 30 34 35 36 37 38 39 41 42 43 44 46 48 49 50 51 52 55 56 58 61 67 68 69 73 74 76 77 79 80 81 82 83 85 88 89 91 92 94 100 103 107 109 110 111 112 114 116 120 121 122 124 125 127 130 133 136 139 140 141 142 144 146 149 150 156 163 166 169 171 180 181 182 184 185 186 194 195 200 210 212 213 214 219 223 227 228 238 240 242 243 244 245 250 252 256 257 262 263 266 270 271 274 275 279 280 287 289 291 293 297 298 304 305 307 309 313 316 318 319 320 328 335 336 347 348 349 351 355 357 364 366 367 373 375 377 378 381 383 385 387 388 389 390 391 396 400 401 405 406 410 421 423 425 428 433 438 448 453 455 458 461 469 470 471 472 475 479 486 488 489 490 492 497
1 0 2 3 4 5 6 7 9 10 11 12 14 18 20 21 23 25 26 34 35 36 40 41 45 47 48 49 51 52 53 56 60 64 68 72 73 81 82 93 96 99 101 104 108 109 114 117 118 119 120 126 127 129 132 135 137 145 151 154 160 164 166 172 178 192 193 196 204 205 211 215 216 218 221 227 229 232 234 235 238 239 248 259 261 263 269 271 272 273 274 283 285 286 301 302 303 310 314 318 320 322 323 325 333 342 343 344 353 354 357 362 365 369 371 372 373 379 380 381 384 390 400 401 406 407 408 409 413 414 415 420 426 430 433 434 445 455 463 464 466 472 476 478 481 490 491 494 495 496
2 0 1 3 4 5 6 8 9 11 12 13 17 18 24 25 28 30 31 32 36 40 44 47 48 55 59 65 69 75 76 77 83 84 92 94 95 97 101 103 105 110 112 116 117 122 130 139 142 150 154 155 156 160 165 174 181 184 186 191 193 195 197 199 201 208 212 213 215 222 224 226 234 235 239 242 243 249 251 257 258 261 266 269 273 276 277 279 283 284 286 288 289 292 296 303 304 309 319 320 332 334 340 346 351 355 356 358 360 361 362 367 368 380 395 402 404 406 410 414 423 425 434 436 443 445 448 449 457 459 465 467 473 478 480 486 493
3 0 1 2 4 7 8 15 16 21 29 31 32 35 38 39 43 46 57 59 66 67 71 72 75 78 79 86 88 89 92 97 103 111 113 123 126 129 132 159 169 171 172 178 182 194 198 205 210 214 223 225 227 234 241 254 261 263 265 270 278 282 290 301 307 309 310 313 327 329 331 352 362 365 366 383 392 413 416 417 422 426 441 447 456 458 492 498
4 0 1 2 3 5 6 7 10 11 15 17 18 19 23 27 30 33 34 40 41 55 62 72 73 77 80 83 84 87 90 91 92 99 105 106 109 111 114 124 133 148 152 155 159 160 161 163 167 170 175 176 189 198 199 200 209 215 219 220 226 228 231 233 239 240 241 243 247 250 256 260 265 270 283 293 294 312 314 324 326 329 331 336 337 338 339 344 345 349 363 371 374 402 403 408 417 419 420 435 436 437 450 456 465 477 480 481 493 499
5 0 1 2 4 16 32 36 39 64 82 95 135 137 141 157 182 203 209 213 214 216 230 232 250 254 259 264 278 294 320 321 358 407 408 416 432 437 474 484 485
6 0 1 2 4 18 19 23 24 29 31 47 58 63 71 104 107 112 127 144 147 155 158 165 170 175 178 179 190 192 203 207 242 244 247 253 254 259 291 302 303 305 316 317 328 361 365 368 396 398 405 407 425 460 464 483 484 493 494
7 0 1 3 4 8 9 14 19 21 26 28 29 31 43 46 48 49 60 64 65 68 70 81 91 93 94 99 103 106 107 110 123 128 129 141 142 147 148 149 152 155 159 163 166 171 177 181 188 196 197 201 204 208 219 225 228 229 231 244 249 251 254 256 269 273 275 276 292 293 296 297 299 304 305 338 340 348 354 355 360 364 370 376 378 382 386 387 389 392 397 413 414 417 422 423 430 434 438 439 441 445 451 452 458 459 462 463 464 495 499
8 0 2 3 7 10 13 14 16 17 20 22 25 26 27 30 38 40 44 45 57 58 63 66 67 79 85 87 88 90 93 98 105 107 108 109 114 120 121 123 126 129 133 140 145 147 153 158 162 164 172 176 183 186 195 198 199 200 206 207 209 211 213 216 224 226 229 232 237 252 269 282 284 286 287 295 303 311 313 317 322 327 329 334 335 349 350 352 358 367 370 373 375 384 393 395 406 426 428 433 439 440 444 463 468 479 482 495
9 0 1 2 7 20 42 43 47 59 67 71 73 74 78 79 82 84 85 98 100 102 108 119 124 125 131 132 133 152 154 158 165 167 168 169 193 200 204 223 238 246 247 251 262 286 288 292 295 297 315 317 325 326 345 350 353 371 375 381 387 393 399 431 432 443 449 451 455 486 497 498
10 0 1 4 8 27 54 179 291 341 412
11 0 1 2 4 12 13 25 51 85 105 115 131 157 162 217 221 246 264 297 306 383 395 431
12 0 1 2 11 15 62 71 89 95 98 183 196 253 302 318 321 327 475 482 495
13 0 2 8 11 33 52 53 196 208 276
14 0 1 7 8 17 32 50 56 63 74 91 119 121 123 137 140 143 147 153 160 168 197 212 226 233 248 263 268 271 273 295 314 326 341 429 437 453 457 459 464 492 496
15 0 3 4 12 128 151 157 300
16 0 3 5 8 454
17 2 4 8 14 19 22 33 35 37 46 50 55 60 69 75 99 106 132 136 138 145 146 148 157 172 176 198 202 203 211 220 230 245 246 312 321 331 337 339 369 379 391 399 404 410 425 436 438 445 450 467 470 474
18 1 2 4 6 29 80 130 151 156 184 191 204 209 310 326 389 405 444 484
19 4 6 7 17 33 42 62 64 86 90 125 134 159 175 259 262 290 318 336 346 357 364 368 436 469
20 0 1 8 9 22 24 51 74 75 135 136 151 162 180 272 281 300 331 376 394 401 408 460 474 485
21 0 1 3 7 28 72 81 96 137 145 167 168 189 208 258 298 392 447 479 492
22 0 8 17 20 24 322
23 0 1 4 6 300
24 2 6 20 22 34 66 83 138 173 185 186 201 230 324 351 374 382 400 456 485
25 1 2 8 11 37 42 53 65 66 69 86 100 104 106 111 115 120 126 202 206 229 237 245 248 260 272 284 342 347 384 415 422 442 473 489 490 497
26 0 1 7 8 216 252 298 418 469
27 0 4 8 10 50 249 315
28 0 2 7 21 87 118 174 202 340
29 3 6 7 18 37 61 63 115 116 184 185 187 350 383 448 452 470 482 486
30 0 2 4 8 153 179 222 332
31 2 3 6 7 164 173 232 261 321 371 378 462 476
32 2 3 5 14 70 94 102 118 199 268 280 288 393 394 428 432
33 4 13 17 19 153 183 236 258 277 365
34 0 1 4 24 41 54 57 97 98 100 141 149 169 173 177 182 188 205 267 317 335 338 342 353 418 421 466 470 475
35 0 1 3 17 39 59 61 93 96 112 113 131 167 223 290 312 359
36 0 1 2 5 403 442
37 0 17 25 29 38 57 306 319 356 363
38 0 3 8 37 96 121 124 134 177 203 210 266
39 0 3 5 35 338 399 487 489 491
40 1 2 4 8 80 191 270
41 0 1 4 34
42 0 9 19 25 65 70 102 127 143 187 225 248 278 299 311 330 398 399 420 461
43 0 3 7 9 44 45 61 162 211 251 387 497
44 0 2 8 43 45 56 125 154 164 177 188 230 231 253 291 298 301 306 313 327 330 356 359 376 382 411 423 424 446
45 1 8 43 44 136 225
46 0 3 7 17 54 158 218 252 275 347 353 393 418 426 491
47 1 2 6 9
48 0 1 2 7 49 52 58 60 62 88 101 102 122 144 183 274 279 329 377 388 441 478 488
49 0 1 7 48 104 118 150 180 249 280 281 285 295 309 330 374 395 403 405
50 0 14 17 27 195
51 0 1 11 20 54 212 231 243 266 350 438
52 0 1 13 48 53 68 134 215 290 308 335 397 427 429 431 459 496
53 1 13 25 52
54 10 34 46 51 101 161 175 194 238 240 241 257 308 354 377 442 493
55 0 2 4 17 110 228 258 370
56 0 1 14 44 187 217 370 410 429 473
57 3 8 34 37
58 0 6 8 48 95 115 341 411 487
59 2 3 9 35 86 90 113 146 180 206 221 277 333 348 367 369 389 394 467 479 483
60 1 7 17 48 161 165 170 179 191 220 250 311 359 401 411 454 477
61 0 29 35 43 108 128 214 310 416
62 4 12 19 48 138 255 280 308 328 409 450
63 6 8 14 29
64 1 5 7 19 70 76 78 149 192 294 333 390 398 465
65 2 7 25 42 174 181 247 487
66 3 8 24 25 185 202 277 349 355 435
67 0 3 8 9
68 0 1 7 52 131 143 188 236 255 264 279 289 307 339 361 379 396 466
69 0 2 17 25 220
70 7 32 42 64 413
71 3 6 9 12
72 1 3 4 21 119 218 471
73 0 1 4 9 76 77 113 344
74 0 9 14 20 89 296 301
75 2 3 17 20
76 0 2 64 73 78 84 87 135 152 163 187 274 316 322 323 332 347 446 462 468
77 0 2 4 73 117 237 312 330 343 372 397 415 499
78 3 9 64 76 206 377
79 0 3 8 9 166 207 217 221 271 275 281 293 415 419 424
80 0 4 18 40 244
81 0 1 7 21
82 0 1 5 9
83 0 2 4 24 140 161 316 328
84 2 4 9 76 476
85 0 8 9 11 134 143 190 227 239 308 340 397 452
86 3 19 25 59 380 454
87 4 8 28 76 138 139 265 363 435
88 0 3 8 48 197 287 334 345
89 0 3 12 74 139 142 146 176 260 268 294 412 420
90 4 8 19 59
91 0 4 7 14
92 0 2 3 4 363 378
93 1 7 8 35
94 0 2 7 32 450
95 2 5 12 58 150 236 284 339
96 1 21 35 38 97 117 168 404
97 2 3 34 96
98 8 9 12 34
99 1 4 7 17 304
100 0 9 25 34
101 1 2 48 54 148
102 9 32 42 48 237 442
103 0 2 3 7
104 1 6 25 49 116 128 242 357
105 2 4 8 11 219 222 487
106 4 7 17 25 173
107 0 6 7 8 122
108 1 8 9 61 343 348 372
109 0 1 4 8 461
110 0 2 7 55 178 334 366
111 0 3 4 25 130
112 0 2 6 35 323
113 3 35 59 73 282 439 485
114 0 1 4 8
115 11 25 29 58 463 494
116 0 2 29 104
117 1 2 77 96 315
118 1 28 32 49
119 1 9 14 72
120 0 1 8 25
121 0 8 14 38
122 0 2 48 107
123 3 7 8 14 210
124 0 4 9 38 190
125 0 9 19 44 193 224 302 456
126 1 3 8 25
127 0 1 6 42
128 7 15 61 104 217
129 1 3 7 8 218 246
130 0 2 18 111 144 386 467
131 9 11 35 68
132 1 3 9 17 324
133 0 4 8 9
134 19 38 52 85
135 1 5 20 76 369
136 0 17 20 45
137 1 5 14 21 458
138 17 24 62 87
139 0 2 87 89
140 0 8 14 83 352
141 0 5 7 34 156
142 0 2 7 89
143 14 42 68 85
144 0 6 48 130 289
145 1 8 17 21 192 272 385
146 0 17 59 89
147 6 7 8 14 245 362
148 4 7 17 101 171 446
149 0 7 34 64
150 0 2 49 95
151 1 15 18 20
152 4 7 9 76 267
153 8 14 30 33 235 236
154 1 2 9 44
155 2 4 6 7 388 447
156 0 2 18 141 170 174 240 352 499
157 5 11 15 17 205 359 379 418 427 432 473
158 6 8 9 46 265 454
159 3 4 7 19
160 1 2 4 14 253 299 337 428
161 4 54 60 83 235
162 8 11 20 43
163 0 4 7 76 267 391
164 1 8 31 44 256
165 2 6 9 60 285 400 453 460
166 0 1 7 79
167 4 9 21 35
168 9 14 21 96 190 325 404
169 0 3 9 34
170 4 6 60 156 194 207 257 268
171 0 3 7 148 283
172 1 3 8 17 260
173 24 31 34 106 443 480
174 2 28 65 156 288 407
175 4 6 19 54 224 341
176 4 8 17 89 189
177 7 34 38 44
178 1 3 6 110
179 6 10 30 60 323 372
180 0 20 49 59
181 0 2 7 65 189 299
182 0 3 5 34 422 455
183 8 12 33 48 461
184 0 2 18 29 222 390
185 0 24 29 66
186 0 2 8 24
187 29 42 56 76
188 7 34 44 68
189 4 21 176 181 398
190 6 85 124 168
191 2 18 40 60 201 361 430
192 1 6 64 145 267 296
193 1 2 9 125
194 0 3 54 170
195 0 2 8 50
196 1 7 12 13
197 2 7 14 88 234 319 444 477
198 3 4 8 17
199 2 4 8 32 306 481
200 0 4 8 9 354 488
201 2 7 24 191
202 17 25 28 66 430 494
203 5 6 17 38
204 1 7 9 18 311 394 472
205 1 3 34 157 287
206 8 25 59 78
207 6 8 79 170
208 2 7 13 21 276 282
209 4 5 8 18 241
210 0 3 38 123 364 376 429
211 1 8 17 43
212 0 2 14 51
213 0 2 5 8 402
214 0 3 5 61 233 255 300 424 451
215 1 2 4 52 255
216 1 5 8 26
217 11 56 79 128
218 1 46 72 129
219 0 4 7 105 356 427 488
220 4 17 60 69
221 1 11 59 79 412
222 2 30 105 184 382
223 0 3 9 35 337
224 2 8 125 175
225 3 7 42 45
226 2 4 8 14 332
227 0 1 3 85 366
228 0 4 7 55
229 1 7 8 25
230 5 17 24 44
231 4 7 44 51 233 262
232 1 5 8 31 409 448 462
233 4 14 214 231
234 1 2 3 197 452 465
235 1 2 153 161
236 33 68 95 153
237 8 25 77 102 490
238 0 1 9 54 336 342
239 1 2 4 85 264 453
240 0 4 54 156
241 3 4 54 209 447
242 0 2 6 104
243 0 2 4 51
244 0 6 7 80
245 0 17 25 147 419 472
246 9 11 17 129 368 386
247 4 6 9 65 375
248 1 14 25 42
249 2 7 27 49 468
250 0 4 5 60
251 2 7 9 43
252 0 8 26 46
253 6 12 44 160 460 468
254 3 5 6 7
255 62 68 214 215
256 0 4 7 164
257 0 2 54 170
258 2 21 33 55 424 431
259 1 5 6 19
260 4 25 89 172 307
261 1 2 3 31
262 0 9 19 231 358 386
263 0 1 3 14
264 5 11 68 239
265 3 4 87 158
266 0 2 38 51 384 412
267 34 152 163 192 278 285
268 14 32 89 170 292 346 374
269 1 2 7 8
270 0 3 4 40
271 0 1 14 79 482
272 1 20 25 145
273 1 2 7 14
274 0 1 48 76
275 0 7 46 79
276 2 7 13 208 451
277 2 33 59 66
278 3 5 42 267 440 478
279 0 2 48 68 281 315
280 0 32 49 62
281 20 49 79 279
282 3 8 113 208 416
283 1 2 4 171 403 433 439
284 2 8 25 95 305 314 402
285 1 49 165 267
286 1 2 8 9
287 0 8 88 205
288 2 9 32 174
289 0 2 68 144
290 3 19 35 52 346 388
291 0 6 10 44
292 2 7 9 268 333
293 0 4 7 79
294 4 5 64 89
295 8 9 14 49
296 2 7 74 192 392
297 0 7 9 11
298 0 21 26 44
299 7 42 160 181 471
300 15 20 23 214 457
301 1 3 44 74 360 385
302 1 6 12 125 443
303 1 2 6 8
304 0 2 7 99 345
305 0 6 7 284
306 11 37 44 199 449 489
307 0 3 68 260
308 52 54 62 85 324
309 0 2 3 49 414
310 1 3 18 61 343 474
311 8 42 60 204 325
312 4 17 35 77
313 0 3 8 44
314 1 4 14 284 344 427 498
315 9 27 117 279
316 0 6 76 83
317 6 8 9 34
318 0 1 12 19
319 0 2 37 197 351 498
320 0 1 2 5
321 5 12 17 31 471
322 1 8 22 76 417
323 1 76 112 179
324 4 24 132 308
325 1 9 168 311
326 4 9 14 18
327 3 8 12 44
328 0 6 62 83 446 484
329 3 4 8 48
330 42 44 49 77 360 491
331 3 4 17 20
332 2 30 76 226 419
333 1 59 64 292
334 2 8 88 110 421
335 0 8 34 52 409 469
336 0 4 19 238
337 4 17 160 223 381
338 4 7 34 39
339 4 17 68 95 437
340 2 7 28 85 373
341 10 14 58 175 391
342 1 25 34 238
343 1 77 108 310
344 1 4 73 314
345 4 9 88 304
346 2 19 268 290
347 0 25 46 76
348 0 7 59 108
349 0 4 8 66
350 8 9 29 51
351 0 2 24 319
352 3 8 140 156
353 1 9 34 46
354 1 7 54 200
355 0 2 7 66
356 2 37 44 219
357 0 1 19 104
358 2 5 8 262
359 35 44 60 157 444
360 2 7 301 330
361 2 6 68 191
362 1 2 3 147
363 4 37 87 92 380
364 0 7 19 210 385 440
365 1 3 6 33 441
366 0 3 110 227
367 0 2 8 59
368 2 6 19 246
369 1 17 59 135
370 7 8 55 56
371 1 4 9 31 483 496
372 1 77 108 179
373 0 1 8 340
374 4 24 49 268 475
375 0 8 9 247
376 7 20 44 210
377 0 48 54 78
378 0 7 31 92
379 1 17 68 157
380 1 2 86 363
381 0 1 9 337
382 7 24 44 222
383 0 3 11 29
384 1 8 25 266 421
385 0 145 301 364
386 7 130 246 262 396
387 0 7 9 43
388 0 48 155 290
389 0 7 18 59
390 0 1 64 184
391 0 17 163 341
392 3 7 21 296
393 8 9 32 46
394 20 32 59 204 457
395 2 8 11 49 440
396 0 6 68 386
397 7 52 77 85
398 6 42 64 189 411
399 9 17 39 42
400 0 1 24 165
401 0 1 20 60
402 2 4 213 284
403 4 36 49 283
404 2 17 96 168
405 0 6 18 49
406 0 1 2 8
407 1 5 6 174
408 1 4 5 20
409 1 62 232 335
410 0 2 17 56 434
411 44 58 60 398 483
412 10 89 221 266
413 1 3 7 70
414 1 2 7 309
415 1 25 77 79
416 3 5 61 282
417 3 4 7 322
418 26 34 46 157
419 4 79 245 332
420 1 4 42 89
421 0 34 334 384
422 3 7 25 182
423 0 2 7 44
424 44 79 214 258 476
425 0 2 6 17
426 1 3 8 46
427 52 157 219 314 435
428 0 8 32 160
429 14 52 56 210
430 1 7 191 202
431 9 11 52 258
432 5 9 32 157
433 0 1 8 283
434 1 2 7 410
435 4 66 87 427
436 2 4 17 19
437 4 5 14 339
438 0 7 17 51
439 7 8 113 283
440 8 278 364 395
441 3 7 48 365
442 25 36 54 102
443 2 9 173 302
444 8 18 197 359
445 1 2 7 17 480
446 44 76 148 328
447 3 21 155 241 477 481
448 0 2 29 232 449
449 2 9 306 448
450 4 17 62 94
451 7 9 214 276
452 7 29 85 234
453 0 14 165 239
454 16 60 86 158
455 0 1 9 182
456 3 4 24 125
457 2 14 300 394
458 0 3 7 137
459 2 7 14 52
460 6 20 165 253
461 0 42 109 183
462 7 31 76 232
463 1 7 8 115
464 1 6 7 14 466
465 2 4 64 234
466 1 34 68 464
467 2 17 59 130
468 8 76 249 253
469 0 19 26 335
470 0 17 29 34
471 0 72 299 321
472 0 1 204 245
473 2 25 56 157
474 5 17 20 310
475 0 12 34 374
476 1 31 84 424
477 4 60 197 447
478 1 2 48 278
479 0 8 21 59
480 2 4 173 445
481 1 4 199 447
482 8 12 29 271
483 6 59 371 411
484 5 6 18 328
485 5 20 24 113
486 0 2 9 29
487 39 58 65 105
488 0 48 200 219
489 0 25 39 306
490 0 1 25 237
491 1 39 46 330
492 0 3 14 21
493 2 4 6 54
494 1 6 115 202
495 1 7 8 12
496 1 14 52 371
497 0 9 25 43
498 3 9 314 319
499 4 7 77 156
