0 1 2 3 4 5 6 8 10 11 14 16 17 18 19 20 21 22 23 24 28 36 37 39 40 43 44 47 48 52 53 68 69 72 73 74 75 81 82 83 84 85 87 89 94 99 100 101 103 104 107 110 118 122 123 124 126 127 132 133 134 137 142 144 146 147 148 151 154 156 160 162 165 166 172 174 183 186 191 193 194 196 206 207 208 214 218 224 226 232 234 236 241 243 244 247 249 257 260 265 271 273 280 283 288 291 295 303 304 305 311 318 321 322 328 330 332 337 343 346 359 361 363 374 375 378 383 385 390 394 405 407 412 415 418 426 427 433 438 441 448 449 453 455 463 465 466 468 472 477 490 492 495 498
1 0 2 3 4 5 6 7 8 11 12 13 14 15 16 17 18 20 21 22 23 24 25 26 27 28 29 30 31 32 33 36 38 40 42 43 45 46 49 50 51 54 56 57 59 60 62 64 65 66 67 68 73 75 76 77 78 79 80 81 83 90 94 95 98 99 102 103 104 105 109 111 112 115 116 117 119 122 123 125 126 127 128 131 134 137 142 143 148 150 151 157 158 159 161 165 169 171 175 176 178 180 181 182 184 186 188 189 190 194 196 197 200 201 202 205 206 207 209 211 213 220 221 222 225 226 228 229 230 231 232 237 239 245 248 252 253 254 255 259 264 269 271 273 277 279 280 282 287 290 292 296 297 298 302 303 305 306 307 308 311 313 317 318 320 325 326 327 328 331 333 334 341 342 343 344 348 349 354 355 356 358 362 364 365 368 374 376 378 384 385 387 388 391 398 400 402 407 408 409 410 414 415 416 417 420 422 426 429 433 442 443 450 456 457 459 471 476 477 488 492 493 497 498
2 0 1 3 4 5 6 7 8 9 10 11 12 13 15 16 18 19 20 21 22 23 24 25 26 30 31 32 33 34 37 38 39 40 44 45 46 49 52 53 54 55 57 58 65 71 74 79 81 86 87 90 91 92 93 94 97 99 100 101 105 109 113 114 115 118 120 131 135 137 140 155 157 163 164 169 172 174 177 179 181 182 185 186 188 191 193 196 200 205 207 210 211 213 222 228 233 235 242 245 246 248 251 258 261 265 268 277 278 282 285 289 290 294 295 296 300 309 313 316 335 339 342 344 356 357 362 365 368 371 379 382 387 388 393 396 398 402 404 410 411 414 415 421 428 433 449 453 454 457 458 464 467 473 478 481 485 489 494 497
3 0 1 2 4 5 6 7 8 9 10 11 12 13 15 22 24 26 28 30 33 34 36 37 39 43 44 46 51 56 61 63 64 67 69 72 74 77 79 80 85 86 88 89 95 97 98 99 102 106 110 113 118 119 120 130 131 134 139 140 141 142 143 146 151 152 154 156 163 167 171 172 174 175 181 183 187 192 193 195 199 200 208 210 211 212 216 218 219 220 225 231 235 237 239 244 249 251 261 266 275 283 284 285 288 290 291 299 305 306 309 319 324 330 333 334 337 338 343 345 347 350 358 369 370 371 373 377 382 383 384 385 388 390 392 394 403 405 428 435 436 437 443 446 447 448 449 453 455 462 475 476 478 482 485 487 489 493 494 496 499
4 0 1 2 3 14 15 42 50 57 60 67 75 86 125 133 150 151 156 167 206 226 241 246 257 258 267 291 293 297 301 308 311 314 337 354 364 389 391 419 432 444 448 451 462 471 480 487
5 0 1 2 3 7 12 30 42 45 66 68 74 96 145 162 183 198 215 257 260 264 269 279 285 286 315 326 403 406 459 461 487 499
6 0 1 2 3 27 50 63 64 95 104 117 139 150 152 160 179 198 210 272 282 290 329 359 381 418 429 454
7 1 2 3 5 9 45 58 65 84 91 93 95 132 134 144 166 170 204 212 221 228 230 255 257 262 268 280 292 313 323 331 360 362 363 367 372 380 381 412 415 431 441 445 451 457 458 466 477 484 493
8 0 1 2 3 9 10 13 16 17 29 32 42 54 59 61 62 68 81 82 87 104 107 109 113 119 136 142 143 164 192 201 202 204 221 227 230 231 243 271 276 284 298 336 338 340 350 354 355 359 362 366 369 380 382 397 400 428 459 479 496
9 2 3 7 8 353
10 0 2 3 8 14 19 20 25 27 28 34 35 36 41 44 48 51 53 54 60 64 88 90 91 92 98 100 108 115 118 121 125 127 139 143 144 147 148 153 156 158 163 166 168 170 173 179 198 199 204 222 228 229 232 233 234 235 245 250 252 258 259 270 274 277 279 286 295 299 309 312 315 318 321 322 330 339 344 346 349 363 368 376 379 383 387 403 406 410 421 439 447 453 454 455 460 464 465 472 475 484 489 491 492 496 497
11 0 1 2 3 18 19 21 25 27 35 48 73 76 78 80 111 145 149 188 189 201 215 234 261 275 307 330 350 469 479 496
12 1 2 3 5 131 176 349 461
13 1 2 3 8 17 41 55 56 72 184 240 246 263 366 388 397 499
14 0 1 4 10 70 83 138 168 309 423 424 446 450
15 1 2 3 4 77 177 190
16 0 1 2 8 32
17 0 1 8 13 265 404
18 0 1 2 11 23 35 39 47 49 51 53 56 59 60 70 72 78 79 80 88 96 97 101 102 116 119 127 128 158 176 178 186 206 209 233 238 241 247 261 269 270 292 298 300 301 310 312 320 329 336 345 349 356 374 392 401 423 429 459 460 471 490
19 0 2 10 11 38 40 62 69 85 111 136 140 145 162 166 168 175 183 193 212 238 256 310 317 319 326 328 352 357 376 395 406 427 432 437 441 447 495
20 0 1 2 10
21 0 1 2 11 31 110 244 477 488
22 0 1 2 3 26 37 75 161 245 292 302 314 340 343 379 391 404 413 417 424
23 0 1 2 18 31 38 43 48 49 55 71 77 97 128 132 153 160 202 204 208 215 232 237 299 304 353 372 384 393 400 404 417 434
24 0 1 2 3 29 61 63 66 89 103 107 109 202 266 375 382 395 420 463 494
25 1 2 10 11
26 1 2 3 22 29 58 73 101 122 129 130 195 239 402 425 431 440 441 473
27 1 6 10 11 126 185
28 0 1 3 10 117 255 327 463 497
29 1 8 24 26 33 34 35 47 62 70 84 86 112 121 126 129 135 136 145 146 150 153 164 179 203 215 222 224 225 227 241 253 263 267 281 286 299 301 303 308 321 333 364 372 389 392 427 439 458 492
30 1 2 3 5 124 214 288 395
31 1 2 21 23 41 46 57 93 96 146 189 252 359 369
32 1 2 8 16 293 348 419 462
33 1 2 3 29 41 52 108 110 129 155 178 277 307 357 392 399 447
34 2 3 10 29 71 93 94 100 115 197 213 224 280 327 368 376 409 421 437
35 10 11 18 29 250 318 442 474
36 0 1 3 10 176 321
37 0 2 3 22 88 216 409 440
38 1 2 19 23 98 165 167 197 227 254 302 316 358
39 0 2 3 18 50 76 78 82 92 106 130 236 443 482
40 0 1 2 19 84
41 10 13 31 33
42 1 4 5 8 425
43 0 1 3 23 180
44 0 2 3 10 234 367
45 1 2 5 7 133 184 306 424 434 455
46 1 2 3 31 47 55 58 65 105 154 161 209 259 274 421 450 476 483
47 0 18 29 46 52 160 162 180 190
48 0 10 11 23 242 348 435
49 1 2 18 23 157 159 191 242 249 352 375 473
50 1 4 6 39 96 138 256 273 361 373 411 413 479
51 1 3 10 18 92 129 169 172 203 229 284 344 345 347 374 384 397 398 489
52 0 2 33 47 71 237
53 0 2 10 18 59 76 130 135 195 272 334 429
54 1 2 8 10 69 90 112 114 123 125 133 144 147 157 158 167 173 175 217 231 236 238 253 256 262 268 270 271 272 273 310 320 326 340 346 367 369 370 381 385 386 390 391 400 403 407 408 448 472 475 486
55 2 13 23 46 63 360 443
56 1 3 13 18
57 1 2 4 31 66 67 70 83 87 113 117 123 124 132 159 170 209 210 254 260 267 274 313 332 386 417 423 435 440 444 465 470 473 482 485
58 2 7 26 46 82 155 178 251 375 467
59 1 8 18 53
60 1 4 10 18 61 85 108 173 262 335 336 351 352 414
61 3 8 24 60 89 124 140 187 205 259 272 283 286 315 341 379 418 425 445 452 462 474 484 498
62 1 8 19 29 327
63 3 6 24 55 240 476
64 1 3 6 10 187 256
65 1 2 7 46 196
66 1 5 24 57 495
67 1 3 4 57 302 372
68 0 1 5 8 137 149 214
69 0 3 19 54 105 153 218 296 297 324 373
70 14 18 29 57 106 296
71 2 23 34 52 366
72 0 3 13 18 102 141 254 377
73 0 1 11 26 121
74 0 2 3 5
75 0 1 4 22 135
76 1 11 39 53 223
77 1 3 15 23
78 1 11 18 39
79 1 2 3 18 262 464 481 494
80 1 3 11 18 367
81 0 1 2 8 345
82 0 8 39 58 323 342 432
83 0 1 14 57 91 141 199 247 248 265 338 353 389 412 436 445 490
84 0 7 29 40 121 136 161 267 308 347
85 0 3 19 60 410 430 495
86 2 3 4 29 106 114 149 173 180 192 203 229 348 416 424 465 469 483
87 0 2 8 57 107 116
88 3 10 18 37 128 395
89 0 3 24 61
90 1 2 10 54 171 266
91 2 7 10 83
92 2 10 39 51 116 152 408
93 2 7 31 34 325 342 452 469 470
94 0 1 2 34 114 154 182 220 236 250 289 293 312 316 319 340 351 401 451 479
95 1 3 6 7
96 5 18 31 50 399
97 2 3 18 23 358
98 1 3 10 38 197
99 0 1 2 3 103 108 111 112 159 165 170 171 223 227 239 255 269 276 297 319 350 416 430 486
100 0 2 10 34 223 235 289 370
101 0 2 18 26 174 351
102 1 3 18 72 120 371 442
103 0 1 24 99 120 122 194 219 246 275 281 289 294 332 334 347 378 402 411 416 439
104 0 1 6 8
105 1 2 46 69 182
106 3 39 70 86 164 169 185 314 474
107 0 8 24 87 147 436
108 10 33 60 99
109 1 2 8 24 394
110 0 3 21 33 201 224 322
111 1 11 19 99
112 1 29 54 99
113 2 3 8 57 138 207 293
114 2 54 86 94 361
115 1 2 10 34 219
116 1 18 87 92 163 198 338 380 420 422
117 1 6 28 57 168 187 281 328 329 366 407 414 483
118 0 2 3 10 139
119 1 3 8 18 281
120 2 3 102 103 192 279 288 331 352 371
121 10 29 73 84 149 200 336
122 0 1 26 103
123 0 1 54 57 138 266 270 294 428 488
124 0 30 57 61 360 373
125 1 4 10 54 177 221
126 0 1 27 29
127 0 1 10 18 141 268 312 420 460
128 1 18 23 88 216 305 370 439
129 26 29 33 51 238 253 387
130 3 26 39 53 433
131 1 2 3 12
132 0 7 23 57 155
133 0 4 45 54
134 0 1 3 7 203 467 469
135 2 29 53 75 287 482
136 8 19 29 84
137 0 1 2 68 195 244 306 323 381 423 481
138 14 50 113 123
139 3 6 10 118
140 2 3 19 61
141 3 72 83 127 300 456
142 0 1 3 8 274 468
143 1 3 8 10
144 0 7 10 54
145 5 11 19 29 148 152 181 184 191 212 213 216 304 320 355 444 458
146 0 3 29 31
147 0 10 54 107
148 0 1 10 145 324 431
149 11 68 86 121 434
150 1 4 6 29 322 412
151 0 1 3 4
152 3 6 92 145 283
153 10 23 29 69
154 0 3 46 94 249
155 2 33 58 132 185 189 199 218 304 354 427
156 0 3 4 10
157 1 2 49 54
158 1 10 18 54 177 205 217 278 291 314 341 399
159 1 49 57 99
160 0 6 23 47
161 1 22 46 84
162 0 5 19 47 276
163 2 3 10 116 248
164 2 8 29 106
165 0 1 38 99
166 0 7 10 19 233 360
167 3 4 38 54 436
168 10 14 19 117
169 1 2 51 106 276
170 7 10 57 99 355
171 1 3 90 99
172 0 2 3 51 419
173 10 54 60 86 396 419
174 0 2 3 101
175 1 3 19 54
176 1 12 18 36 190 287
177 2 15 125 158 260 263 353
178 1 18 33 58 220
179 2 6 10 29
180 1 43 47 86 386
181 1 2 3 145 188
182 1 2 94 105
183 0 3 5 19 194 211 325 346 351 396 431 478
184 1 13 45 145
185 2 27 106 155 468
186 0 1 2 18
187 3 61 64 117 250 378 440
188 1 2 11 181 315 425 461
189 1 11 31 155 208 214
190 1 15 47 176 217 405
191 0 2 49 145
192 3 8 86 120
193 0 2 3 19 226 230 323 331 365 435
194 0 1 103 183
195 3 26 53 137 411
196 0 1 2 65 317
197 1 34 38 98 251 456 480
198 5 6 10 116 243 394 486
199 3 10 83 155
200 1 2 3 121
201 1 8 11 110 217 396 467
202 1 8 23 24
203 29 51 86 134
204 7 8 10 23
205 1 2 61 158
206 0 1 4 18 294 301
207 0 1 2 113
208 0 3 23 189 219 225 240 242 285 298 310 488
209 1 18 46 57 335
210 2 3 6 57
211 1 2 3 183
212 3 7 19 145 361 413 438 451 461 480
213 1 2 34 145 401
214 0 30 68 189
215 5 11 23 29 223
216 3 37 128 145
217 54 158 190 201
218 0 3 69 155
219 3 103 115 208
220 1 3 94 178 413
221 1 7 8 125
222 1 2 10 29
223 76 99 100 215
224 0 29 34 110
225 1 3 29 208 484
226 0 1 4 193 258 278 300
227 8 29 38 99 252 324 341 442
228 1 2 7 10
229 1 10 51 86
230 1 7 8 193 422
231 1 3 8 54
232 0 1 10 23 243 357
233 2 10 18 166 240
234 0 10 11 44
235 2 3 10 100
236 0 39 54 94
237 1 3 23 52 498
238 18 19 54 129 487
239 1 3 26 99
240 13 63 208 233 393 399
241 0 4 18 29 264
242 2 48 49 208
243 0 8 198 232
244 0 3 21 137 332 406 438 491
245 1 2 10 22 247 356 430
246 2 4 13 103
247 0 18 83 245 275 377
248 1 2 83 163
249 0 3 49 154
250 10 35 94 187 263 364
251 2 3 58 197
252 1 10 31 227
253 1 29 54 129
254 1 38 57 72
255 1 7 28 99
256 19 50 54 64 339 377 430 454 468 499
257 0 4 5 7 264
258 2 4 10 226 278 333 398
259 1 10 46 61 303
260 0 5 57 177
261 2 3 11 18
262 7 54 60 79
263 13 29 177 250
264 1 5 241 257
265 0 2 17 83 337 450
266 3 24 90 123 409
267 4 29 57 84
268 2 7 54 127
269 1 5 18 99
270 10 18 54 123
271 0 1 8 54 311
272 6 53 54 61
273 0 1 50 54
274 10 46 57 142
275 3 11 103 247 422
276 8 99 162 169
277 1 2 10 33 282
278 2 158 226 258 287
279 1 5 10 120
280 0 1 7 34 316 339 418
281 29 103 117 119
282 1 2 6 277 284
283 0 3 61 152
284 3 8 51 282 470
285 2 3 5 208
286 5 10 29 61
287 1 135 176 278
288 0 3 30 120
289 2 94 100 103
290 1 2 3 6 295
291 0 3 4 158 449
292 1 7 18 22
293 4 32 94 113
294 2 103 123 206
295 0 2 10 290
296 1 2 69 70 317
297 1 4 69 99 307 380
298 1 8 18 208
299 3 10 23 29
300 2 18 141 226
301 4 18 29 206
302 1 22 38 67 325 365 481
303 0 1 29 259
304 0 23 145 155
305 0 1 3 128
306 1 3 45 137 452
307 1 11 33 297
308 1 4 29 84
309 2 3 10 14
310 18 19 54 208
311 0 1 4 271
312 10 18 94 127
313 1 2 7 57 335
314 4 22 106 158
315 5 10 61 188 408 466
316 2 38 94 280
317 1 19 196 296
318 0 1 10 35
319 3 19 94 99 438 466 474
320 1 18 54 145 472
321 0 10 29 36
322 0 10 110 150
323 7 82 137 193
324 3 69 148 227
325 1 93 183 302
326 1 5 19 54 363
327 1 28 34 62
328 0 1 19 117 329
329 6 18 117 328
330 0 3 10 11
331 1 7 120 193
332 0 57 103 244
333 1 3 29 258
334 1 3 53 103
335 2 60 209 313
336 8 18 60 121 390
337 0 3 4 265
338 3 8 83 116
339 2 10 256 280
340 8 22 54 94
341 1 61 158 227
342 1 2 82 93
343 0 1 3 22 405
344 1 2 10 51
345 3 18 51 81
346 0 10 54 183
347 3 51 84 103
348 1 32 48 86 383 463
349 1 10 12 18
350 3 8 11 99
351 60 94 101 183
352 19 49 60 120
353 9 23 83 177
354 1 4 8 155
355 1 8 145 170
356 1 2 18 245
357 2 19 33 232
358 1 3 38 97 389 401 478
359 0 6 8 31
360 7 55 124 166
361 0 50 114 212
362 1 2 7 8
363 0 7 10 326
364 1 4 29 250
365 1 2 193 302
366 8 13 71 117 445
367 7 44 54 80 393 397 434 471 491
368 1 2 10 34
369 3 8 31 54
370 3 54 100 128
371 2 3 102 120
372 7 23 29 67
373 3 50 69 124 464
374 0 1 18 51
375 0 24 49 58
376 1 10 19 34
377 3 72 247 256
378 0 1 103 187 386 493
379 2 10 22 61
380 7 8 116 297
381 6 7 54 137
382 2 3 8 24
383 0 3 10 348
384 1 3 23 51
385 0 1 3 54 432 456
386 54 57 180 378 446
387 1 2 10 129 452 485
388 1 2 3 13
389 4 29 83 358
390 0 3 54 336
391 1 4 22 54
392 3 18 29 33
393 2 23 240 367 483
394 0 3 109 198
395 19 24 30 88
396 2 173 183 201
397 8 13 51 367
398 1 2 51 258
399 33 96 158 240
400 1 8 23 54
401 18 94 213 358
402 1 2 26 103
403 3 5 10 54
404 2 17 22 23
405 0 3 190 343 475
406 5 10 19 244 460
407 0 1 54 117
408 1 54 92 315
409 1 34 37 266
410 1 2 10 85
411 2 50 103 195
412 0 7 83 150 437
413 22 50 212 220 426
414 1 2 60 117
415 0 1 2 7
416 1 86 99 103
417 1 22 23 57 426
418 0 6 61 280
419 4 32 172 173 446
420 1 24 116 127
421 2 10 34 46
422 1 116 230 275
423 14 18 57 137
424 14 22 45 86
425 26 42 61 188 491
426 0 1 413 417 486
427 0 19 29 155
428 2 3 8 123
429 1 6 18 53
430 85 99 245 256 457
431 7 26 148 183
432 4 19 82 385
433 0 1 2 130
434 23 45 149 367
435 3 48 57 193
436 3 83 107 167
437 3 19 34 412
438 0 212 244 319
439 10 29 103 128
440 26 37 57 187
441 0 7 19 26
442 1 35 102 227 444
443 1 3 39 55
444 4 57 145 442
445 7 61 83 366
446 3 14 386 419
447 3 10 19 33
448 0 3 4 54
449 0 2 3 291
450 1 14 46 265
451 4 7 94 212
452 61 93 306 387
453 0 2 3 10
454 2 6 10 256 470
455 0 3 10 45 480
456 1 141 197 385
457 1 2 7 430
458 2 7 29 145
459 1 5 8 18
460 10 18 127 406
461 5 12 188 212
462 3 4 32 61
463 0 24 28 348
464 2 10 79 373
465 0 10 57 86
466 0 7 315 319
467 2 58 134 201
468 0 142 185 256
469 11 86 93 134
470 57 93 284 454
471 1 4 18 367
472 0 10 54 320
473 2 26 49 57
474 35 61 106 319
475 3 10 54 405
476 1 3 46 63
477 0 1 7 21
478 2 3 183 358
479 8 11 50 94
480 4 197 212 455
481 2 79 137 302
482 3 39 57 135
483 46 86 117 393
484 7 10 61 225
485 2 3 57 387
486 54 99 198 426
487 3 4 5 238
488 1 21 123 208
489 2 3 10 51 490
490 0 18 83 489
491 10 244 367 425
492 0 1 10 29
493 1 3 7 378
494 2 3 24 79
495 0 19 66 85
496 3 8 10 11
497 1 2 10 28
498 0 1 61 237
499 3 5 13 256
