0 1 2 3 4 5 8 9 14 15 16 19 21 22 23 25 26 30 31 38 40 43 45 48 51 52 56 60 65 68 74 77 80 85 86 88 89 95 97 102 108 109 111 115 116 120 121 122 124 126 127 131 132 133 135 136 138 139 143 150 154 160 161 163 176 177 181 182 185 187 191 192 195 202 204 214 215 216 219 222 225 229 236 245 247 248 251 260 270 274 281 283 299 309 323 325 327 333 337 342 346 347 356 360 362 376 377 379 384 387 390 392 395 397 401 407 418 422 428 432 440 442 446 447 448 449 450 451 482 483 485 487 488 490 491
1 0 2 3 4 5 6 7 8 10 11 14 15 16 17 18 20 21 23 25 27 28 30 33 37 39 40 42 43 44 46 48 50 51 54 56 57 58 59 62 63 64 65 66 69 72 73 75 77 78 80 84 86 90 92 93 95 96 101 104 107 117 119 122 129 135 138 139 140 141 142 145 147 151 152 156 158 160 162 165 166 167 168 170 178 179 186 187 189 194 195 199 201 202 204 207 209 210 216 220 221 223 226 232 234 235 236 240 242 244 247 249 253 255 257 259 262 263 265 272 273 275 281 282 290 294 296 297 302 307 312 316 320 321 323 327 329 332 333 338 340 343 344 345 348 351 354 359 364 366 367 373 374 380 383 385 386 388 390 392 396 397 399 402 404 411 415 416 424 429 430 435 442 448 449 450 455 459 460 462 467 473 480 481 485 498 499
2 0 1 3 4 5 6 7 11 15 16 17 18 19 20 21 23 24 26 31 34 36 37 39 41 43 45 46 47 49 50 55 58 59 61 62 63 66 67 70 72 73 75 76 78 80 83 84 85 86 87 88 90 92 93 96 97 98 103 105 107 116 120 122 127 131 132 134 136 138 139 143 145 146 148 152 154 155 159 161 165 168 171 172 173 177 179 180 181 183 184 188 190 191 193 194 195 197 198 200 207 208 210 211 212 215 216 217 219 223 224 225 228 231 233 239 241 243 246 248 251 252 256 257 260 261 266 269 272 274 276 280 282 286 287 292 295 296 299 310 321 328 329 330 331 334 336 338 341 346 349 351 355 360 363 371 378 381 383 391 401 402 418 420 424 430 431 432 433 435 437 444 455 458 460 463 464 475 477 479 481 484 490 495
3 0 1 2 4 5 6 8 10 11 12 13 14 15 17 18 19 20 22 23 26 27 28 29 30 32 33 37 38 39 43 44 46 47 50 51 53 54 56 60 61 62 66 67 68 70 71 73 74 79 81 82 85 88 94 96 99 100 103 106 109 119 120 121 125 126 129 134 135 136 142 144 146 147 153 154 155 156 158 167 171 172 174 176 178 181 185 186 191 192 194 204 206 211 226 230 231 238 242 243 244 251 252 255 264 268 270 271 278 282 284 285 288 289 300 304 306 308 309 310 311 312 313 315 318 320 321 324 325 330 332 333 337 341 342 348 350 357 361 366 367 372 375 376 390 393 395 398 406 407 408 409 411 413 415 437 443 445 454 456 462 466 472 477 484 486 492 495 497
4 0 1 2 3 7 10 12 14 18 30 32 36 40 42 48 53 63 64 71 78 88 89 105 110 114 116 131 133 150 157 160 161 163 173 174 183 184 196 205 209 213 219 244 250 256 271 279 300 303 311 314 316 328 336 340 342 362 369 370 371 377 378 393 396 397 398 407 414 420 423 425 432 434 442 449 450 469 477 491
5 0 1 2 3 6 7 9 12 13 17 22 24 28 29 35 38 41 46 49 54 56 59 70 74 76 82 86 90 99 103 106 118 121 134 148 149 159 164 166 172 173 177 184 186 201 211 220 229 241 250 253 260 264 265 281 289 294 295 301 302 303 307 313 320 322 326 335 342 347 349 355 356 358 361 365 375 376 377 384 397 410 413 414 426 429 435 440 443 444 455 481 483 489 496
6 1 2 3 5 10 11 12 13 16 24 29 33 34 36 39 41 51 55 65 78 83 87 92 103 106 114 123 124 126 130 131 138 146 150 153 158 164 168 180 198 208 214 218 219 225 227 228 233 246 258 260 265 269 274 275 277 285 293 297 298 299 305 306 307 324 325 326 335 350 359 361 374 375 381 394 396 407 415 428 430 436 437 452 455 459 463 470 471 472 475 478
7 1 2 4 5 8 9 13 21 27 28 31 35 36 37 38 41 48 49 50 52 61 69 71 83 87 93 94 115 119 124 126 134 137 141 145 147 149 151 152 156 163 165 167 174 190 198 223 226 228 229 232 239 250 268 277 281 286 304 305 309 315 327 332 333 335 341 360 385 389 399 400 401 404 405 411 419 424 432 438 440 454 458 465 466 467 471 476 493 495
8 0 1 3 7 9 19 26 104 390 460
9 0 5 7 8 25 227 246 288 337 387 444 493
10 1 3 4 6 27 42 52 75 128 157 169 200 228 256 272 280 289 318 368 380 418 426 429 438 445 456 461 479
11 1 2 3 6 34 35 54 55 65 67 77 79 96 98 99 101 111 142 190 193 222 225 227 233 241 252 259 271 279 318 331 339 344 350 352 358 363 366 369 398 401 419 446 448 457 489
12 3 4 5 6 24 52 58 99 102 110 112 200 218 227 261 265 298 376 410 417 418 434 441 459
13 3 5 6 7
14 0 1 3 4 22 29 47 53 83 108 123 125 128 130 185 239 245 247 256 322 324 339 340 360 372 379 452 466 469 494 496 497
15 0 1 2 3 20 44 57 111 123 127 141 143 148 169 186 199 218 253 266 270 296 317 326 356 378 379 400 403 404 453 464 468 470 495 496
16 0 1 2 6 32 64 129 130 181 185 291 314 332 350 379 409 433 478
17 1 2 3 5 34 45 53 57 58 66 69 72 82 89 91 117 132 146 150 162 170 171 180 192 201 208 210 241 249 267 301 306 325 328 331 343 388 402 412 444 446 449 458 463 471 476 477 479 484
18 1 2 3 4 102 113 147 175 193 196 197 211 224 261 302 370 389 406 469 499
19 0 2 3 8 345 391
20 1 2 3 15 102 149 272 284 435 457
21 0 1 2 7 365
22 0 3 5 14 25 31 32 33 44 61 63 74 81 84 97 98 107 112 115 129 137 152 164 175 189 202 205 209 210 213 221 231 236 237 240 287 290 308 314 315 331 335 340 345 352 354 364 380 382 408 416 430 433 438 447 478 480 482 483
23 0 1 2 3 212 427 486
24 2 5 6 12 135 176 179 190 205 234 235 249 319 357 458
25 0 1 9 22 60 118 156
26 0 2 3 8 118 124 176 453
27 1 3 7 10 494
28 1 3 5 7 127 207 279 292
29 3 5 6 14 35 40 68 87 110 113 133 149 162 200 207 215 237 249 253 266 267 273 328 354 405 416 426 429 442 485 488 492
30 0 1 3 4 94 248 489
31 0 2 7 22
32 3 4 16 22
33 1 3 6 22 122
34 2 6 11 17 42 67 125 166 343 364 456
35 5 7 11 29 234 344
36 2 4 6 7
37 1 2 3 7 49 64 71 82 84 97 117 161 164 197 218 276 372 409 412 420 427 448 468 480 484
38 0 3 5 7 45 47 55 92 258 261 320 421
39 1 2 3 6 85 95 217 300 337 363 483 486
40 0 1 4 29 57 59 91 93 137 148 153 173 206 213 214 220 277 283 297 301 308 309 313 353 370 425 443 481
41 2 5 6 7
42 1 4 10 34 347 398
43 0 1 2 3 113 330
44 1 3 15 22 109 155
45 0 2 17 38 68 91 101 105 132 133 165 169 208 269 274 286 334 377 417 443
46 1 2 3 5 81 144
47 2 3 14 38 196
48 0 1 4 7 141 153 160 199 203 205 267 275 322 334 414
49 2 5 7 37
50 1 2 3 7 128 178 182 353 434
51 0 1 3 6 79 355
52 0 7 10 12 89 117 162 254 263 268 494
53 3 4 14 17 70
54 1 3 5 11 280 305 421
55 2 6 11 38 224 388 439 488
56 0 1 3 5 312
57 1 15 17 40 90 115 250 269 292 302 354 368 424
58 1 2 12 17 73 76 188 410
59 1 2 5 40 60 62 76 100 104 108 109 180 189 229 284 348 356 476 497
60 0 3 25 59 75 91 105 151 159 203 236 306 310 451
61 2 3 7 22 170 231
62 1 2 3 59 69 110 159 214 270 313 330 362 381 428 447 451 461
63 1 2 4 22 144 298 428
64 1 4 16 37 94 121 172 192 329 353 392 421 453
65 0 1 6 11 100 104 140 203 262 362 387 413 457 487
66 1 2 3 17 72 248 276 290 359 389
67 2 3 11 34 305
68 0 3 29 45 222 254 278
69 1 7 17 62 144 382
70 2 3 5 53 365
71 3 4 7 37 247
72 1 2 17 66
73 1 2 3 58 492
74 0 3 5 22 77 79 139 179 223 232 286 352
75 1 2 10 60 304 359
76 2 5 58 59 98 119 130 175 221 348 439
77 0 1 11 74 114 140 184 408 416 417 420
78 1 2 4 6 155 230
79 3 11 51 74 80 81 136 145 171 177 188 295 403 409 427 441 453
80 0 1 2 79 106 224 413
81 3 22 46 79 385 476
82 3 5 17 37 368
83 2 6 7 14 100 125 220 255 292 440 473
84 1 2 22 37 243 399 427
85 0 2 3 39 107 113 316
86 0 1 2 5 112
87 2 6 7 29 95 118 120 182 191 262 285 311 470
88 0 2 3 4 295 315 475
89 0 4 17 52 108
90 1 2 5 57 151 480
91 17 40 45 60
92 1 2 6 38 308
93 1 2 7 40 140 182 213 216 240 257
94 3 7 30 64 128 157 212 217 238 267 307 372 387 489
95 0 1 39 87 123 142 163 174 245 284 321 349 395 406 457
96 1 2 3 11 101 112 283 415 434
97 0 2 22 37
98 2 11 22 76
99 3 5 11 12 206 403
100 3 59 65 83
101 1 11 45 96
102 0 12 18 20
103 2 3 5 6 111 114 116 187 237 394 399 419 452
104 1 8 59 65 491
105 2 4 45 60 384
106 3 5 6 80 143 194 393
107 1 2 22 85 243
108 0 14 59 89
109 0 3 44 59
110 4 12 29 62 178
111 0 11 15 103
112 12 22 86 96 412
113 18 29 43 85 246 338 474
114 4 6 77 103
115 0 7 22 57
116 0 2 4 103 201
117 1 17 37 52 319
118 5 25 26 87 264
119 1 3 7 76
120 0 2 3 87 137 299 370 431
121 0 3 5 64
122 0 1 2 33 300
123 6 14 15 95
124 0 6 7 26 297 329
125 3 14 34 83 494
126 0 3 6 7
127 0 2 15 28 204 291 473 475
128 10 14 50 94 318 392 474
129 1 3 16 22
130 6 14 16 76
131 0 2 4 6 316
132 0 2 17 45
133 0 4 29 45 347
134 2 3 5 7
135 0 1 3 24 154
136 0 2 3 79 157 170 215 327 394 468 482
137 7 22 40 120 357
138 0 1 2 6 199
139 0 1 2 74 491
140 1 65 77 93 158 167 209 238 271 283 298 334 358 374 381 456 467 474 482 490
141 1 7 15 48
142 1 3 11 95 202 384 478
143 0 2 15 106
144 3 46 63 69 264 339
145 1 2 7 79
146 2 3 6 17 166 169 239 259
147 1 3 7 18 251
148 2 5 15 40 238
149 5 7 20 29 405 499
150 0 4 6 17 168 175 293 336 346 357 373 382 425
151 1 7 60 90 183
152 1 2 7 22 189 294 312 365 371
153 3 6 40 48 469
154 0 2 3 135
155 2 3 44 78
156 1 3 7 25
157 4 10 94 136 244 279
158 1 3 6 140 288 437 465
159 2 5 60 62
160 0 1 4 48 388 461
161 0 2 4 37
162 1 17 29 52 240 257 288 323 374 414 465 466 487 490
163 0 4 7 95 187 242 486
164 5 6 22 37 233 367 460
165 1 2 7 45 188 431
166 1 5 34 146 196 314 343 441
167 1 3 7 140 421
168 1 2 6 150
169 10 15 45 146 462
170 1 17 61 136 183 232 383 386 454
171 2 3 17 79 344
172 2 3 5 64 195 230 324
173 2 4 5 40 193 197 235 290
174 3 4 7 95 382
175 18 22 76 150
176 0 3 24 26 282 311 411 493
177 0 2 5 79 212 259 349
178 1 3 50 110
179 1 2 24 74 245 252 263 275 400 422 462
180 2 6 17 59
181 0 2 3 16 285 422 450 471
182 0 50 87 93 393
183 2 4 151 170 366
184 2 4 5 77 198
185 0 3 14 16
186 1 3 5 15 242
187 0 1 103 163 203 226 369 445 467 497
188 2 58 79 165
189 1 22 59 152 317
190 2 7 11 24 276 303 383
191 0 2 3 87
192 0 3 17 64 287
193 2 11 18 173
194 1 2 3 106 463
195 0 1 2 172 263
196 4 18 47 166 206 230 254 291 341 367 464 479
197 2 18 37 173
198 2 6 7 184 293 339
199 1 15 48 138
200 2 10 12 29 304
201 1 5 17 116
202 0 1 22 142 217 268 277 394
203 48 60 65 187 369
204 0 1 3 127 373
205 4 22 24 48 234 235 352 378 419 454
206 3 40 99 196 221 273 278
207 1 2 28 29 323
208 2 6 17 45
209 1 4 22 140 254 262
210 1 2 17 22 423
211 2 3 5 18
212 2 23 94 177 255 303 368
213 4 22 40 93 380
214 0 6 40 62 237 322
215 0 2 29 136 353 459
216 0 1 2 93
217 2 39 94 202
218 6 12 15 37
219 0 2 4 6 222 258 266 499
220 1 5 40 83
221 1 22 76 206 278
222 0 11 68 219 375
223 1 2 7 74
224 2 18 55 80 464
225 0 2 6 11
226 1 3 7 187
227 6 9 11 12 373 410
228 2 6 7 10
229 0 5 7 59 258 280 439
230 3 78 172 196
231 2 3 22 61 422
232 1 7 74 170 386
233 2 6 11 164
234 1 24 35 205
235 1 24 173 205 273
236 0 1 22 60
237 22 29 103 214
238 3 94 140 148 355
239 2 7 14 146 294
240 1 22 93 162 389 400
241 2 5 11 17 291
242 1 3 163 186
243 2 3 84 107 319 326
244 1 3 4 157
245 0 14 95 179 496
246 2 6 9 113
247 0 1 14 71
248 0 2 30 66
249 1 17 24 29
250 4 5 7 57 317 423 461
251 0 2 3 147 488
252 2 3 11 179
253 1 5 15 29
254 52 68 196 209
255 1 3 83 212
256 2 4 10 14
257 1 2 93 162
258 6 38 219 229 405
259 1 11 146 177 289 351
260 0 2 5 6 364 474
261 2 12 18 38
262 1 65 87 209 426
263 1 52 179 195
264 3 5 118 144
265 1 5 6 12
266 2 15 29 219
267 17 29 48 94 406
268 3 7 52 202
269 2 6 45 57 310
270 0 3 15 62
271 3 4 11 140
272 1 2 10 20
273 1 29 206 235
274 0 2 6 45 293
275 1 6 48 179
276 2 37 66 190
277 6 7 40 202
278 3 68 206 221 404
279 4 11 28 157 472
280 2 10 54 229
281 0 1 5 7 391
282 1 2 3 176 287 296 317
283 0 40 96 140
284 3 20 59 95
285 3 6 87 181 436
286 2 7 45 74 345
287 2 22 192 282
288 3 9 158 162 402
289 3 5 10 259
290 1 22 66 173
291 16 127 196 241 412
292 2 28 57 83
293 6 150 198 274
294 1 5 152 239 395
295 2 5 79 88 493
296 1 2 15 282 301
297 1 6 40 124
298 6 12 63 140 338 351 363
299 0 2 6 120
300 3 4 39 122 436
301 5 17 40 296
302 1 5 18 57
303 4 5 190 212
304 3 7 75 200
305 6 7 54 67
306 3 6 17 60 386
307 1 5 6 94
308 3 22 40 92 319
309 0 3 7 40
310 2 3 60 269
311 3 4 87 176
312 1 3 56 152
313 3 5 40 62
314 4 16 22 166 385
315 3 7 22 88 336 361
316 1 4 85 131 425
317 15 189 250 282
318 3 10 11 128
319 24 117 243 308 423
320 1 3 5 38
321 1 2 3 95
322 5 14 48 214
323 0 1 162 207
324 3 6 14 172
325 0 3 6 17 371
326 5 6 15 243 446
327 0 1 7 136
328 2 4 17 29
329 1 2 64 124 346
330 2 3 43 62
331 2 11 17 22 431 473
332 1 3 7 16
333 0 1 3 7
334 2 45 48 140
335 5 6 7 22
336 2 4 150 315
337 0 3 9 39
338 1 2 113 298
339 11 14 144 198
340 1 4 14 22
341 2 3 7 196
342 0 3 4 5
343 1 17 34 166
344 1 11 35 171
345 1 19 22 286
346 0 2 150 329
347 0 5 42 133 445
348 1 3 59 76
349 2 5 95 177
350 3 6 11 16 358
351 1 2 259 298
352 11 22 74 205
353 40 50 64 215
354 1 22 29 57
355 2 5 51 238
356 0 5 15 59
357 3 24 137 150
358 5 11 140 350
359 1 6 66 75 498
360 0 2 7 14
361 3 5 6 315 438
362 0 4 62 65 408
363 2 11 39 298
364 1 22 34 260
365 5 21 70 152
366 1 3 11 183
367 1 3 164 196
368 10 57 82 212
369 4 11 187 203 465
370 4 18 40 120
371 2 4 152 325
372 3 14 37 94
373 1 150 204 227 391
374 1 6 140 162
375 3 5 6 222
376 0 3 5 12
377 0 4 5 45
378 2 4 15 205 396
379 0 14 15 16
380 1 10 22 213 441
381 2 6 62 140
382 22 69 150 174 439
383 1 2 170 190
384 0 5 105 142
385 1 7 81 314 433
386 1 170 232 306
387 0 9 65 94
388 1 17 55 160
389 7 18 66 240
390 0 1 3 8
391 2 19 281 373
392 0 1 64 128
393 3 4 106 182
394 6 103 136 202
395 0 3 95 294
396 1 4 6 378
397 0 1 4 5
398 3 4 11 42 403
399 1 7 84 103
400 7 15 179 240
401 0 2 7 11
402 1 2 17 288
403 15 79 99 398
404 1 7 15 278
405 7 29 149 258
406 3 18 95 267
407 0 3 4 6
408 3 22 77 362 451
409 3 16 37 79
410 5 12 58 227
411 1 3 7 176
412 17 37 112 291
413 3 5 65 80
414 4 5 48 162
415 1 3 6 96
416 1 22 29 77 417
417 12 45 77 416
418 0 2 10 12
419 7 11 103 205
420 2 4 37 77
421 38 54 64 167
422 0 179 181 231
423 4 210 250 319
424 1 2 7 57
425 4 40 150 316 452 468 470
426 5 10 29 262
427 23 37 79 84
428 0 6 62 63
429 1 5 10 29
430 1 2 6 22
431 2 120 165 331 498
432 0 2 4 7 447 472
433 2 16 22 385
434 4 12 50 96
435 1 2 5 20 436
436 6 285 300 435
437 2 3 6 158
438 7 10 22 361
439 55 76 229 382
440 0 5 7 83
441 12 79 166 380
442 0 1 4 29
443 3 5 40 45
444 2 5 9 17
445 3 10 187 347
446 0 11 17 326
447 0 22 62 432
448 0 1 11 37
449 0 1 4 17
450 0 1 4 181
451 0 60 62 408
452 6 14 103 425
453 15 26 64 79
454 3 7 170 205
455 1 2 5 6
456 3 10 34 140 487
457 11 20 65 95
458 2 7 17 24
459 1 6 12 215 485
460 1 2 8 164
461 10 62 160 250
462 1 3 169 179
463 2 6 17 194
464 2 15 196 224 492
465 7 158 162 369 498
466 3 7 14 162
467 1 7 140 187
468 15 37 136 425
469 4 14 18 153
470 6 15 87 425
471 6 7 17 181
472 3 6 279 432
473 1 83 127 331
474 113 128 140 260
475 2 6 88 127
476 7 17 59 81
477 2 3 4 17
478 6 16 22 142
479 2 10 17 196
480 1 22 37 90
481 1 2 5 40
482 0 22 136 140
483 0 5 22 39
484 2 3 17 37
485 0 1 29 459
486 3 23 39 163
487 0 65 162 456
488 0 29 55 251
489 5 11 30 94
490 0 2 140 162
491 0 4 104 139
492 3 29 73 464
493 7 9 176 295
494 14 27 52 125
495 2 3 7 15
496 5 14 15 245
497 3 14 59 187
498 1 359 431 465
499 1 18 149 219
