0 1 2 3 4 5 6 7 8 9 10 11 12 14 15 16 18 22 25 29 31 32 33 34 37 38 39 41 42 44 45 46 49 55 57 61 62 64 70 76 77 78 79 81 82 84 86 87 91 93 97 103 104 107 113 114 115 117 118 119 121 122 126 130 131 132 134 135 136 137 141 142 146 147 151 156 158 159 166 167 169 172 174 181 185 187 188 189 191 193 194 195 196 197 205 207 214 215 217 219 222 223 225 227 231 232 233 236 237 240 247 248 249 250 253 257 261 265 272 274 278 280 283 286 287 288 309 311 312 321 322 324 326 331 334 336 341 343 345 354 357 364 368 380 381 382 383 388 389 394 395 397 404 407 409 410 413 415 418 429 430 432 434 439 445 453 454 455 457 458 461 462 463 464 466 468 479 483 484 486 487 491 494 495 496 498
1 0 2 3 4 5 6 7 8 9 10 11 12 13 14 16 17 18 19 20 21 22 23 25 26 27 28 29 31 32 34 36 37 39 41 45 48 49 50 51 52 53 54 55 56 61 63 64 65 68 69 71 74 76 83 88 89 92 94 96 98 101 106 109 114 115 118 122 123 124 125 127 131 134 146 147 148 149 150 152 153 156 159 160 162 164 171 176 177 181 183 190 197 198 200 201 203 204 205 207 211 213 217 219 222 228 229 230 234 238 240 245 250 254 256 257 258 259 261 262 265 266 268 270 272 281 288 290 292 294 296 302 306 309 311 312 314 315 316 320 321 324 327 339 346 352 354 356 362 366 367 372 374 379 383 384 385 390 391 393 398 399 400 401 402 405 407 412 420 428 431 432 437 438 440 442 449 451 458 462 467 469 474 481 490 492 494 497 498
2 0 1 3 4 5 6 7 8 9 10 11 14 15 18 19 20 21 24 25 26 31 32 33 36 37 38 42 43 46 53 54 56 57 59 62 63 64 65 68 73 75 80 81 83 85 86 88 89 99 104 106 107 110 114 123 124 126 127 128 145 146 155 156 157 161 167 168 169 173 175 177 185 187 189 190 193 195 196 198 200 201 202 205 206 209 211 212 222 227 230 232 233 238 244 245 251 252 255 267 269 270 279 280 283 284 287 289 293 296 297 299 302 303 304 313 318 323 329 330 335 340 345 350 357 362 364 365 366 371 373 378 382 384 386 388 389 391 398 400 401 410 412 415 417 419 420 421 425 428 432 435 438 440 446 448 453 471 472 473 476 478 480 493 495
3 0 1 2 4 5 8 15 18 20 21 22 29 30 40 47 59 60 68 75 81 82 84 97 108 121 129 131 132 135 139 154 165 173 177 210 213 235 242 256 260 273 275 286 308 338 360 375 386 392 402 409 416 417 428 445 446 457 462 466 476 481 499
4 0 1 2 3 10 13 17 24 36 48 57 58 66 68 93 95 96 138 155 167 190 201 215 221 239 258 294 300 316 328 330 373 378 407 422 424 433 455 482 488
5 0 1 2 3 6 7 12 14 15 17 24 30 33 35 36 53 56 63 64 72 73 74 78 79 80 84 94 99 109 111 114 129 133 134 137 143 153 155 161 164 175 206 207 208 216 221 223 227 235 241 249 252 264 268 278 298 310 316 320 335 339 342 349 362 385 386 390 392 396 397 402 410 426 428 429 433 435 438 469 483 497
6 0 1 2 5 9 11 12 17 21 22 23 27 31 38 41 42 43 45 51 52 54 57 58 59 69 72 91 95 100 109 112 123 130 135 136 139 140 141 143 150 152 153 154 157 162 163 170 174 178 181 182 183 184 187 189 204 221 243 249 251 260 263 275 277 283 285 298 301 303 312 313 327 332 335 336 352 353 355 369 371 373 379 381 383 385 386 389 393 396 399 402 412 416 427 443 444 448 469 473 481 487
7 0 1 2 5 77 95 173 235 250 340
8 0 1 2 3 16 20 27 28 42 49 50 80 89 144 156 163 174 180 218 234 238 254 260 272 278 284 295 306 323 327 360 425 429 444 447 449 473 477 489
9 0 1 2 6 13 26 33 35 72 90 95 106 134 137 138 144 152 159 160 178 179 184 229 259 274 291 300 311 321 333 334 351 354 358 377 417 429 440 461 478
10 0 1 2 4 19 39 40 44 69 87 90 96 108 110 118 168 172 182 189 199 202 212 216 232 244 245 253 276 291 298 300 314 317 342 352 361 387 388 400 430 444 451 491 494
11 0 1 2 6 286
12 0 1 5 6 13 23 24 28 30 46 50 51 56 65 66 70 79 83 87 98 111 116 120 130 131 133 142 143 152 186 203 213 234 236 263 279 285 293 295 314 315 333 334 335 363 364 371 399 401 406 416 420 424 431 436 437 441 456 478 481 483 484 485 489 499
13 1 4 9 12 16 19 26 39 43 46 47 49 51 52 54 59 62 71 73 77 78 83 89 90 102 104 118 119 126 129 167 168 169 171 172 187 193 194 199 209 219 224 232 234 237 248 255 264 284 288 289 308 309 313 319 322 325 339 341 353 356 375 377 380 383 393 403 406 408 413 456 462 465 467 474 476 488 497
14 0 1 2 5
15 0 2 3 5 27 29 40 44 55 70 74 100 105 111 175 178 192 206 214 220 228 238 268 273 300 315 349 353 422 479 490 495
16 0 1 8 13 50 61 66 73 82 91 132 154 171 194 202 211 235 258 269 278 287 296 318 348 368 376 403 421 457 470 480 493
17 1 4 5 6 23 35 129 145 192 199 202 273 276 281 308 322 343 360
18 0 1 2 3 32 35 75 80 102 136 150 196 231 326 346 464
19 1 2 10 13 117
20 1 2 3 8 85 88 101 146 169 170 176 182 228 246 262 324 330 347 411 427 439 443 444
21 1 2 3 6 25 47 67 76 97 109 112 125 148 172 183 197 210 233 252 260 266 301 305 319 342 344 362 374 387 397 419 436 445 456 486
22 0 1 3 6 348 370
23 1 6 12 17 41 93 140 142 153 158 173 176 315 323 350 354 365 410 414 446 453 454 464 472 492
24 2 4 5 12 53 60 65 155 203 236 415 485 493
25 0 1 2 21 43 86 97 98 102 127 140 145 199 295 308 468
26 1 2 9 13 28 34 38 40 45 61 71 74 91 98 113 116 119 158 182 198 220 257 259 262 279 282 283 287 320 329 333 367 371 373 404 413 419 422 451 455 465
27 1 6 8 15 55 76 147 301 442
28 1 8 12 26 130
29 0 1 3 15 30 79 102 185 307 439
30 3 5 12 29 34 44 71 149 193 219 224 256 262 271 297 328 342 347 368 370 374 413 416 445 459 460
31 0 1 2 6 105 319
32 0 1 2 18 254 261 434
33 0 2 5 9 63 103
34 0 1 26 30 184 194 195 303
35 5 9 17 18 165 225 482
36 1 2 4 5 37 58 62 67 77 90 94 121 126 133 149 186 209 221 236 239 241 243 258 280 282 286 292 318 332 344 381 403 411 424 441 442 448 470 484 493
37 0 1 2 36 108 137 161 164 168 227 246 266 408 456 457
38 0 2 6 26 226 274 313 346
39 0 1 10 13 103 205 345 372 469
40 3 10 15 26 471
41 0 1 6 23 47 48 70 78 84 85 99 107 110 127 197 200 213 247 271 332 377 396 443 449 451 452 491
42 0 2 6 8 298 307 334 422 484
43 2 6 13 25 69 120 124 136 179
44 0 10 15 30
45 0 1 6 26 48 67 101 110 111 117 139 141 144 212 215 217 218 223 246 263 269 280 294 301 302 317 322 323 329 358 378 405 407 441 449 475 487 496 498
46 0 2 12 13 181 188 304 369
47 3 13 21 41 52 60
48 1 4 41 45 123 138 255 257 355 475
49 0 1 8 13 58 82 116 120 128 151 180 204 242 256 291 305 388 404 424 450 461
50 1 8 12 16 85 101 122 150 184 274 284
51 1 6 12 13 113 158 281 305 477
52 1 6 13 47 330 372
53 1 2 5 24 106 140 157 160 188 369 418 455
54 1 2 6 13 107 165 346
55 0 1 15 27 60 67 443 459
56 1 2 5 12 86 99 100 105 115 128 267 328 435
57 0 2 4 6 66 104 208 247 352 363 406 434
58 4 6 36 49 365
59 2 3 6 13 72 75 139 143 154 166 211 218 240 241 265 267 271 331 344 363 381 395 463
60 3 24 47 55
61 0 1 16 26 108 141 319 419
62 0 2 13 36 162 220 252 325 367 474
63 1 2 5 33 120 121
64 0 1 2 5 94 116 125 290 297 351 370 442
65 1 2 12 24 81 297
66 4 12 16 57 92 142 145 148 176 337 356 357 368
67 21 36 45 55 179 231 340
68 1 2 3 4 133 157 345 477
69 1 6 10 43 225
70 0 12 15 41 310 490
71 1 13 26 30
72 5 6 9 59 103
73 2 5 13 16 294 398
74 1 5 15 26 289
75 2 3 18 59 87 100 186 191 200 226 229 248 299 344 394 414 431
76 0 1 21 27 124 222 343 347 421 423 436
77 0 7 13 36 135
78 0 5 13 41 88 92 376
79 0 5 12 29 92
80 2 5 8 18 105 163 183 195 203 210 215 230 276 309 310 317 324 365 391 421 447
81 0 2 3 65 96 112 164 170 461 485
82 0 3 16 49 299 337
83 1 2 12 13 192 201 398
84 0 3 5 41
85 2 20 41 50 228 317 447 471
86 0 2 25 56
87 0 10 12 75 93 208 285 304
88 1 2 20 78 247
89 1 2 8 13
90 9 10 13 36 148 159 394 488 491
91 0 6 16 26 117 170 224 249 291 326 336 366 375 427 460
92 1 66 78 79 338 369 408 467
93 0 4 23 87
94 1 5 36 64 277 296 343
95 4 6 7 9 196 299
96 1 4 10 81 112 160 226 306 387 401 411 418 499
97 0 3 21 25
98 1 12 25 26 264
99 2 5 41 56 225
100 6 15 56 75 218
101 1 20 45 50 115 119 149 161 171 224 239 240 242 295 305 328 349 360 367 404 409 425 450 460 463
102 13 18 25 29 132 162 179 281 341
103 0 33 39 72 122
104 0 2 13 57 204 214 488
105 15 31 56 80 208 380 390 423 459 466
106 1 2 9 53
107 0 2 41 54
108 3 10 37 61
109 1 5 6 21 113 125 147 282 293 331 340 361 430 460 487
110 2 10 41 45
111 5 12 15 45 163 384
112 6 21 81 96 490
113 0 26 51 109 380
114 0 1 2 5
115 0 1 56 101 395
116 12 26 49 64
117 0 19 45 91
118 0 1 10 13 253
119 0 13 26 101 430
120 12 43 49 63 245
121 0 3 36 63
122 0 1 50 103 374 418
123 1 2 6 48
124 1 2 43 76 128 138 259 392
125 1 21 64 109 180
126 0 2 13 36 261 270 271 325 358 446
127 1 2 25 41 229 320 405
128 2 49 56 124 409
129 3 5 13 17 216
130 0 6 12 28 336 496
131 0 1 3 12 415 417
132 0 3 16 102 468
133 5 12 36 68
134 0 1 5 9 198 209
135 0 3 6 77
136 0 6 18 43 166 186 267
137 0 5 9 37
138 4 9 48 124 206 285 327
139 3 6 45 59
140 6 23 25 53
141 0 6 45 61 341
142 0 12 23 66 144 241 454
143 5 6 12 59
144 8 9 45 142
145 2 17 25 66 151 190 210 277 289 351 355 376
146 0 1 2 20 251 273 403
147 0 1 27 109 151 441
148 1 21 66 90 226
149 1 30 36 101 165 174 192 230 275 292 390 436 448
150 1 6 18 50 248
151 0 49 145 147 212
152 1 6 9 12 290 351
153 1 5 6 23
154 3 6 16 59 347
155 2 4 5 24
156 0 1 2 8 175 214 310 311 337 339 382 465 474
157 2 6 53 68 178 355 432 472
158 0 23 26 51
159 0 1 9 90 191 349
160 1 9 53 96 266
161 2 5 37 101
162 1 6 62 102 177 188 244 250 251 253
163 6 8 80 111
164 1 5 37 81 166 254
165 3 35 54 149 359
166 0 59 136 164 476
167 0 2 4 13 276
168 2 10 13 37 272
169 0 2 13 20
170 6 20 81 91
171 1 13 16 101 326
172 0 10 13 21
173 2 3 7 23
174 0 6 8 149 423
175 2 5 15 156
176 1 20 23 66 180 237 396 494
177 1 2 3 162 405
178 6 9 15 157
179 9 43 67 102 185
180 8 49 125 176 207 237
181 0 1 6 46
182 6 10 20 26 191 233 242 329 389
183 1 6 21 80
184 6 9 34 50
185 0 2 29 179 277 288
186 12 36 75 136
187 0 2 6 13
188 0 46 53 162 307 372
189 0 2 6 10 312
190 1 2 4 145 243 361 482
191 0 75 159 182 243
192 15 17 83 149 304 321
193 0 2 13 30
194 0 13 16 34 292
195 0 2 34 80
196 0 2 18 95 264
197 0 1 21 41
198 1 2 26 134
199 10 13 17 25
200 1 2 41 75
201 1 2 4 83 263
202 2 10 16 17 331 408
203 1 12 24 80 459
204 1 6 49 104 217
205 0 1 2 39
206 2 5 15 138
207 0 1 5 180
208 5 57 87 105
209 2 13 36 134 239
210 3 21 80 145
211 1 2 16 59 411
212 2 10 45 151
213 1 3 12 41
214 0 15 104 156 216
215 0 4 45 80
216 5 10 129 214 231 384
217 0 1 45 204
218 8 45 59 100 220
219 0 1 13 30
220 15 26 62 218 333
221 4 5 6 36 357
222 0 1 2 76 223 269 303 440
223 0 5 45 222
224 13 30 91 101
225 0 35 69 99
226 38 75 96 148
227 0 2 5 37 265 325 479 486
228 1 15 20 85 425
229 1 9 75 127 332 450
230 1 2 80 149 244 338
231 0 18 67 216 356 399 426 458
232 0 2 10 13
233 0 2 21 182
234 1 8 12 13 426 482
235 3 5 7 16
236 0 12 24 36
237 0 13 176 180 246 255 270 359 414 437 458 466 470
238 1 2 8 15
239 4 36 101 209
240 0 1 59 101
241 5 36 59 142 268 279 426 463
242 3 49 101 182
243 6 36 190 191
244 2 10 162 230
245 1 2 10 120 318
246 20 37 45 237 486
247 0 41 57 88 338
248 0 13 75 150
249 0 5 6 91 359
250 0 1 7 162 359
251 2 6 146 162
252 2 5 21 62
253 0 10 118 162
254 1 8 32 164
255 2 13 48 237
256 1 3 30 49 306 452
257 0 1 26 48 275 307 350 363 366 375 378 379 498
258 1 4 16 36
259 1 9 26 124 350
260 3 6 8 21 290
261 0 1 32 126
262 1 20 26 30
263 6 12 45 201 376 438
264 5 13 98 196 293
265 0 1 59 227 282 348
266 1 21 37 160 439
267 2 56 59 136 471
268 1 5 15 241 406
269 2 16 45 222
270 1 2 126 237
271 30 41 59 126
272 0 1 8 168 302
273 3 15 17 146
274 0 9 38 50
275 3 6 149 257
276 10 17 80 167
277 6 94 145 185
278 0 5 8 16 348 452
279 2 12 26 241
280 0 2 36 45 353
281 1 17 51 102
282 26 36 109 265
283 0 2 6 26
284 2 8 13 50 387
285 6 12 87 138 433
286 0 3 11 36
287 0 2 16 26 400
288 0 1 13 185
289 2 13 74 145
290 1 64 152 260
291 9 10 49 91
292 1 36 149 194 379
293 2 12 109 264
294 1 4 45 73
295 8 12 25 101 358 454
296 1 2 16 94 314
297 2 30 64 65
298 5 6 10 42
299 2 75 82 95
300 4 9 10 15
301 6 21 27 45
302 1 2 45 272
303 2 6 34 222
304 2 46 87 192
305 21 49 51 101
306 1 8 96 256
307 29 42 188 257
308 3 13 17 25
309 0 1 13 80
310 5 70 80 156
311 0 1 9 156
312 0 1 6 189
313 2 6 13 38 393
314 1 10 12 296 316 364 480
315 1 12 15 23 464
316 1 4 5 314
317 10 45 80 85 337
318 2 16 36 245 361
319 13 21 31 61
320 1 5 26 127 423
321 0 1 9 192
322 0 13 17 45
323 2 8 23 45 412 497
324 0 1 20 80
325 13 62 126 227
326 0 18 91 171
327 1 6 8 138
328 4 30 56 101
329 2 26 45 182 465
330 2 4 20 52 391 414 427 435
331 0 59 109 202
332 6 36 41 229 434
333 9 12 26 220
334 0 9 12 42
335 2 5 6 12 392 470
336 0 6 91 130
337 66 82 156 317
338 3 92 230 247
339 1 5 13 156
340 2 7 67 109
341 0 13 102 141
342 5 10 21 30 397 473 485
343 0 17 76 94 489
344 21 36 59 75 437
345 0 2 39 68 377 382
346 1 18 38 54
347 20 30 76 154
348 16 22 265 278 496
349 5 15 101 159
350 2 23 257 259
351 9 64 145 152
352 1 6 10 57
353 6 13 15 280
354 0 1 9 23
355 6 48 145 157
356 1 13 66 231
357 0 2 66 221
358 9 45 126 295 478
359 165 237 249 250
360 3 8 17 101 447
361 10 109 190 318
362 1 2 5 21 394 433
363 12 57 59 257
364 0 2 12 314
365 2 23 58 80 483
366 1 2 91 257 370 475
367 1 26 62 101
368 0 16 30 66
369 6 46 53 92 420
370 22 30 64 366
371 2 6 12 26 395 499
372 1 39 52 188
373 2 4 6 26 452 492
374 1 21 30 122
375 3 13 91 257
376 16 78 145 263
377 9 13 41 345
378 2 4 45 257
379 1 6 257 292
380 0 13 105 113
381 0 6 36 59 385
382 0 2 156 345
383 0 1 6 13
384 1 2 111 216
385 1 5 6 381 475 479
386 2 3 5 6
387 10 21 96 284
388 0 2 10 49 431
389 0 2 6 182
390 1 5 105 149 492
391 1 2 80 330
392 3 5 124 335
393 1 6 13 313
394 0 75 90 362
395 0 59 115 371
396 5 6 41 176
397 0 5 21 342 450
398 1 2 73 83
399 1 6 12 231
400 1 2 10 287
401 1 2 12 96 480
402 1 3 5 6
403 13 16 36 146
404 0 26 49 101
405 1 45 127 177
406 12 13 57 268
407 0 1 4 45 453
408 13 37 92 202
409 0 3 101 128
410 0 2 5 23
411 20 36 96 211
412 1 2 6 323
413 0 13 26 30
414 23 75 237 330
415 0 2 24 131
416 3 6 12 30
417 2 3 9 131
418 0 53 96 122
419 2 21 26 61
420 1 2 12 369
421 2 16 76 80
422 4 15 26 42
423 76 105 174 320
424 4 12 36 49 467
425 2 8 101 228
426 5 231 234 241
427 6 20 91 330
428 1 2 3 5
429 0 5 8 9
430 0 10 109 119
431 1 12 75 388
432 0 1 2 157
433 4 5 285 362 477
434 0 32 57 332
435 2 5 56 330
436 12 21 76 149
437 1 12 237 344
438 1 2 5 263
439 0 20 29 266
440 1 2 9 222
441 12 36 45 147
442 1 27 36 64
443 6 20 41 55
444 6 8 10 20
445 0 3 21 30
446 2 3 23 126
447 8 80 85 360
448 2 6 36 149
449 1 8 41 45
450 49 101 229 397
451 1 10 26 41
452 41 256 278 373
453 0 2 23 407
454 0 23 142 295 489
455 0 4 26 53
456 12 13 21 37
457 0 3 16 37
458 0 1 231 237
459 30 55 105 203
460 30 91 101 109
461 0 9 49 81
462 0 1 3 13
463 0 59 101 241 468
464 0 18 23 315
465 13 26 156 329
466 0 3 105 237
467 1 13 92 424
468 0 25 132 463 472
469 1 5 6 39
470 16 36 237 335
471 2 40 85 267
472 2 23 157 468
473 2 6 8 342
474 1 13 62 156
475 45 48 366 385
476 2 3 13 166
477 8 51 68 433
478 2 9 12 358
479 0 15 227 385
480 2 16 314 401
481 1 3 6 12
482 4 35 190 234
483 0 5 12 365
484 0 12 36 42
485 12 24 81 342
486 0 21 227 246 495
487 0 6 45 109
488 4 13 90 104
489 8 12 343 454
490 1 15 70 112
491 0 10 41 90
492 1 23 373 390
493 2 16 24 36
494 0 1 10 176
495 0 2 15 486
496 0 45 130 348
497 1 5 13 323
498 0 1 45 257
499 3 12 96 371
