0 1 2 3 4 5 6 7 9 11 13 15 16 19 22 23 24 25 26 28 29 30 31 36 38 39 40 43 44 45 46 50 53 54 55 58 60 61 62 67 68 71 72 73 74 77 81 82 86 87 90 91 92 100 102 104 107 111 114 116 118 120 126 129 131 136 138 143 150 151 152 154 158 159 160 162 168 172 179 182 184 191 193 194 196 198 200 205 207 211 219 221 226 227 233 238 239 240 243 245 249 251 257 260 261 264 267 273 288 299 300 305 309 313 317 322 324 327 330 349 350 352 355 357 370 375 377 381 383 384 387 388 390 395 401 403 412 414 416 419 423 425 428 432 439 443 448 449 450 451 452 453 454 461 462 467 468 473 477 487 489 493 499
1 0 2 3 4 5 6 7 8 9 10 11 13 14 15 16 17 19 21 22 25 26 30 31 32 36 37 41 43 45 48 50 52 56 57 58 61 62 66 73 75 76 77 78 79 83 85 88 89 92 96 97 98 102 103 104 106 109 116 119 123 127 128 131 136 137 140 141 143 146 147 149 155 158 162 164 165 169 170 171 176 177 178 181 182 187 190 196 197 204 205 208 209 215 216 228 232 233 234 236 243 244 249 256 258 259 260 263 265 266 268 275 277 279 290 291 293 294 301 302 305 307 308 314 318 322 327 333 339 341 343 344 345 346 352 353 354 361 369 373 375 384 386 388 403 421 423 426 428 430 432 433 448 449 455 457 459 462 463 464 465 467 471 482 484 486 487 492 493 494 495
2 0 1 3 4 5 6 7 10 11 12 14 15 16 17 18 19 20 21 23 25 27 28 31 32 33 34 35 36 38 40 42 45 46 47 51 53 55 56 58 59 60 61 63 64 66 67 70 71 72 75 78 79 81 85 88 94 96 98 99 100 101 102 105 110 113 114 119 122 123 124 125 128 130 132 133 138 140 141 143 148 153 154 155 156 159 161 162 163 164 165 167 168 171 173 175 176 178 180 187 188 190 192 197 198 201 205 213 214 216 218 222 224 225 227 229 230 231 232 234 236 247 252 254 257 266 269 271 273 274 277 279 280 281 285 287 288 292 297 299 303 310 314 317 319 322 323 324 325 326 327 333 336 339 353 357 373 376 380 381 389 396 403 404 405 406 408 411 413 415 417 420 422 423 426 427 440 442 451 454 456 457 464 465 466 476 477 479 480 481 486 488 490 492
3 0 1 2 4 5 8 9 10 11 13 14 15 17 18 20 21 22 23 25 26 27 28 29 30 32 33 34 35 40 41 42 43 44 45 46 47 48 50 52 53 54 55 57 59 60 63 64 67 68 69 71 72 77 79 80 81 84 88 89 91 93 96 97 99 101 103 105 106 109 111 112 114 117 122 123 124 128 130 133 135 136 138 142 145 148 151 153 157 159 160 165 169 172 175 181 182 183 184 189 190 200 206 207 208 209 214 215 217 219 220 227 232 234 237 238 244 246 252 253 254 267 268 270 271 272 274 275 277 279 281 282 284 286 287 296 297 298 301 303 308 309 315 316 321 323 326 327 328 330 335 336 337 338 340 341 347 348 350 353 358 363 368 369 374 375 376 379 380 385 386 387 390 396 397 402 417 419 420 431 433 437 438 439 447 454 457 470 472 473 474 479 482 487 490 496 497 498
4 0 1 2 3 7 8 9 12 13 20 29 33 44 52 54 57 63 65 67 81 83 87 89 91 98 109 110 112 115 117 127 141 143 144 149 155 164 168 173 174 189 191 192 194 199 209 216 230 237 241 243 244 246 249 272 277 292 295 296 299 312 322 342 347 354 364 374 393 399 405 408 411 415 433 442 476 478 488 493 497
5 0 1 2 3 6 8 12 19 21 23 26 35 37 41 47 49 53 56 60 61 65 68 70 74 78 84 85 86 95 97 100 103 105 110 118 123 126 128 133 137 139 142 147 150 163 166 169 174 183 184 186 202 203 210 211 215 216 217 218 220 226 232 241 246 248 252 256 257 258 259 276 278 280 283 293 304 319 320 332 335 337 342 351 354 356 360 362 364 367 369 372 378 379 382 388 398 399 404 406 409 421 431 436 439 444 453 455 458 465 469 471 472 474 483 485 491 493 499
6 0 1 2 5 12 24 37 64 75 115 213 229 318 325 427
7 0 1 2 4 10 14 18 35 38 47 87 119 134 147 156 161 188 202 213 221 265 282 315 319 325 329 336 360 381 409 441 457 462 477
8 1 3 4 5 41 48 51 54 58 64 76 82 89 92 135 145 149 164 188 206 220 223 239 255 274 298 304 310 338 343 351 355 359 368 394 411 419 424 436 467 471 474 494
9 0 1 3 4 24 27 63 70 132 138 177 182 219 242 247 266 300 421
10 1 2 3 7 18 20 32 39 46 51 62 73 91 101 109 113 132 153 169 202 212 213 238 250 262 284 288 295 302 314 355 356 371 416 424 431 434 439 480 492
11 0 1 2 3 121 199 292 311 360 371 446
12 2 4 5 6 94 101 185
13 0 1 3 4 16 52 127 151 163 181 373 393
14 1 2 3 7 22 30 66 103 117 144 145 152 225 249 255 263 281 326 336 402 414 424 426 436 440 442 446
15 0 1 2 3 77 324 407
16 0 1 2 13 17 39 40 59 78 95 108 120 159 170 171 172 180 185 224 253 254 260 275 286 289 290 307 316 335 340 367 381 383 398 409 418 425 456 460 485
17 1 2 3 16 235
18 2 3 7 10 50 68 84 88 256 345 363 461 471 472
19 0 1 2 5 31 34 38 65 69 82 86 95 97 107 122 135 139 144 151 165 186 197 211 218 224 226 233 308 325 345 347 356 394 416 427 428 460 466 472 494
20 2 3 4 10
21 1 2 3 5 110 146 166 171 262 276 469
22 0 1 3 14 27 28 116 125 140 152 156 204 231 236 253 290 331 394 466 475 481
23 0 2 3 5 24 49 51 90 113 126 130 137 147 148 157 195 221 228 235 238 446 483
24 0 6 9 23 36 48 80 92 93 102 115 118 121 156 195 261 286 295 298 308 312 320 334 390 406 411 421 463 468 476 489
25 0 1 2 3 56 86 87 114 120 137 179 197 254 259 272 305 315 359 360 400 443 470 499
26 0 1 3 5 73 107 176 366
27 2 3 9 22 39 43 84 93 177 200 243 266 311 328 365 485
28 0 2 3 22 29 70 74 124 131 172 174 241 415 445 448 481 497
29 0 3 4 28 42 57 96 130 228 282 313 321 339 353 423
30 0 1 3 14 34 59 173 445 476
31 0 1 2 19 49 119 149 175 334
32 1 2 3 10 33 251
33 2 3 4 32 330 489
34 2 3 19 30 76 134 150 222 242 306 483 488
35 2 3 5 7 37 49 82 95 108 116 152 154 196 204 234 247 293 296 306 407 409 460 478
36 0 1 2 24 98 120 133 140 155 179 223 228 242 268 275 286 292 301 303 329 333 345 364 365 377 391 407 424 431 443 458 463 468 494
37 1 5 6 35 90 106 134 157 188 193 195 212 225 273 284 294 323 356 373 389 474 475 477 495
38 0 2 7 19 42 113 205 262 318 491
39 0 10 16 27 107 139 183 203 283 339 382 391
40 0 2 3 16 62 289 430 450
41 1 3 5 8
42 2 3 29 38 44 55 65 66 250 291 376 392 398 428 438 440
43 0 1 3 27 83
44 0 3 4 42 378
45 0 1 2 3 112 456 491
46 0 2 3 10 351 372
47 2 3 5 7
48 1 3 8 24 100 310 349 486
49 5 23 31 35 72 124 141 270 311 349 393 395
50 0 1 3 18
51 2 8 10 23 90 142 245 258 343 444
52 1 3 4 13 76 118 134 146 210 229 236 337 400 426 453
53 0 2 3 5
54 0 3 4 8 71 75 104 125 192 215 223 264 312
55 0 2 3 42 69 121 126 129 136 167 177 201 239 276 281 312 349 397 410 430 497 499
56 1 2 5 25
57 1 3 4 29 104 173 301 341
58 0 1 2 8 99 207 378
59 2 3 16 30 108 111 115 211 219 364 416 422 453 464 467 484
60 0 2 3 5 83 208
61 0 1 2 5 191 396 452 459
62 0 1 10 40 157 235 248 332 406 482
63 2 3 4 9
64 2 3 6 8 80 379 458 488
65 4 5 19 42 131 195 214 227 261 385 405
66 1 2 14 42 69 208 233 291
67 0 2 3 4 326 362
68 0 3 5 18
69 3 19 55 66 74 127 129 148 167 175 241 271 287 294 309 348 374 382 469
70 2 5 9 28 291 310 395 451
71 0 2 3 54 79 80 85 158 187 212 361 410 412 437 445 490
72 0 2 3 49 178 214 226 230 245 251 299 300 324 334 344 391 417
73 0 1 10 26 108 117 135 192 201 221 268 320 398 408 480
74 0 5 28 69 269
75 1 2 6 54
76 1 8 34 52 93 194 206
77 0 1 3 15 112
78 1 2 5 16
79 1 2 3 71 183
80 3 24 64 71 139 240 248 295 296 304 305 346 435
81 0 2 3 4
82 0 8 19 35 121 142 154 229 246 269 316 342 367 413 444
83 1 4 43 60
84 3 5 18 27 217
85 1 2 5 71 293 377
86 0 5 19 25 105 375 491
87 0 4 7 25 99 111 174 253 270 306 368 394 450 475
88 1 2 3 18 94 282 338
89 1 3 4 8 94 129 199 230 263 290 378 380 418 434 450
90 0 23 37 51 225
91 0 3 4 10
92 0 1 8 24 162 163 198 278 414
93 3 24 27 76
94 2 12 88 89 106
95 5 16 19 35 132 237 383
96 1 2 3 29 178
97 1 3 5 19 231 347 441
98 1 2 4 36 168 284 321 422 441 473 485
99 2 3 58 87
100 0 2 5 48 207 370 462
101 2 3 10 12 144 456
102 0 1 2 24
103 1 3 5 14 166 186 280 289 298 350 368 371 392 399 404 484
104 0 1 54 57 385
105 2 3 5 86 323 346
106 1 3 37 94 210 492
107 0 19 26 39 160 237 307 445 459
108 16 35 59 73 161 209 397
109 1 3 4 10 125 150 161 179 184 203 218 222 267 278 285 288 412 418
110 2 4 5 21 122 185 231 302
111 0 3 59 87
112 3 4 45 77 170 362 410
113 2 10 23 38
114 0 2 3 25
115 4 6 24 59 420
116 0 1 22 35
117 3 4 14 73 363
118 0 5 24 52
119 1 2 7 31 193 199 283 297 366 436
120 0 16 25 36
121 11 24 55 82 180
122 2 3 19 110 180
123 1 2 3 5 153 190 261 314 371 404 469 480
124 2 3 28 49
125 2 22 54 109 181
126 0 5 23 55 242 313 341 384
127 1 4 13 69
128 1 2 3 5 194 200 255 260
129 0 55 69 89
130 2 3 23 29
131 0 1 28 65 146 193 313 366
132 2 9 10 95 145 158 185 189 359
133 2 3 5 36 222 303 429 464
134 7 34 37 52 170 176 487
135 3 8 19 73
136 0 1 3 55
137 1 5 23 25 374
138 0 2 3 9 191 223 332
139 5 19 39 80 285 459
140 1 2 22 36
141 1 2 4 49
142 3 5 51 82
143 0 1 2 4 187 330
144 4 14 19 101 204 256 302 483
145 3 8 14 132 245 265 489
146 1 21 52 131 401
147 1 5 7 23 160 167 201 430 496
148 2 3 23 69 270 415 451
149 1 4 8 31 317 385
150 0 5 34 109 166
151 0 3 13 19 220 351
152 0 14 22 35 189 247 352 359 379 392 435 470
153 2 3 10 123 212 271 443
154 0 2 35 82 289
155 1 2 4 36 370 407 495
156 2 7 22 24
157 3 23 37 62 455
158 0 1 71 132 217 304 309 340 363 383 496 498
159 0 2 3 16 202
160 0 3 107 147
161 2 7 108 109
162 0 1 2 92 196 258
163 2 5 13 92
164 1 2 4 8
165 1 2 3 19 482
166 5 21 103 150
167 2 55 69 147
168 0 2 4 98
169 1 3 5 10 203
170 1 16 112 134 262
171 1 2 16 21
172 0 3 16 28 239 333 414 481
173 2 4 30 57 264 343
174 4 5 28 87 198 251 348 413
175 2 3 31 69 186 329
176 1 2 26 134
177 1 9 27 55 317
178 1 2 72 96 318
179 0 25 36 109
180 2 16 121 122
181 1 3 13 125 372
182 0 1 3 9 257 390 395 429 434
183 3 5 39 79 250 300 361 437
184 0 3 5 109
185 12 16 110 132
186 5 19 103 175
187 1 2 71 143 224 319 401 408 435 446
188 2 7 8 37 206 210
189 3 4 132 152 280
190 1 2 3 123
191 0 4 61 138 331
192 2 4 54 73 264 306 402
193 0 37 119 131 259 354
194 0 4 76 128 255
195 23 24 37 65 331
196 0 1 35 162 248 285
197 1 2 19 25
198 0 2 92 174 401 461
199 4 11 89 119
200 0 3 27 128 329 365
201 2 55 73 147
202 5 7 10 159
203 5 39 109 169
204 1 22 35 144
205 0 1 2 38 357 377
206 3 8 76 188 278 382
207 0 3 58 100 419 432 438
208 1 3 60 66 400
209 1 3 4 108 273 355 370 389 433
210 5 52 106 188
211 0 5 19 59 235 376 399 405 418
212 10 37 71 153
213 2 6 7 10
214 2 3 65 72 283
215 1 3 5 54 320
216 1 2 4 5
217 3 5 84 158
218 2 5 19 109 297 358 465
219 0 3 9 59
220 3 5 8 151
221 0 7 23 73
222 2 34 109 133
223 8 36 54 138
224 2 16 19 187 240 369
225 2 14 37 90 386
226 0 5 19 72 244 267 294 315 455 498
227 0 2 3 65 265 337 338 342 372
228 1 23 29 36
229 2 6 52 82
230 2 4 72 89 358
231 2 22 97 110 240 427 435 486
232 1 2 3 5
233 0 1 19 66 250 272 332
234 1 2 3 35
235 17 23 62 211
236 1 2 22 52
237 3 4 95 107 358 479
238 0 3 10 23
239 0 8 55 172 425
240 0 80 224 231 321
241 4 5 28 69
242 9 34 36 126 417
243 0 1 4 27
244 1 3 4 226
245 0 51 72 145 263 287 346 388
246 3 4 5 82
247 2 9 35 152 400 452
248 5 62 80 196
249 0 1 4 14 274
250 10 42 183 233 252
251 0 32 72 174 350
252 2 3 5 250
253 3 16 22 87
254 2 3 16 25 307
255 8 14 128 194
256 1 5 18 144 279
257 0 2 5 182 396
258 1 5 51 162
259 1 5 25 193 473
260 0 1 16 128
261 0 24 65 123
262 10 21 38 170
263 1 14 89 245 276
264 0 54 173 192 412
265 1 7 145 227 348
266 1 2 9 27
267 0 3 109 226 269 461
268 1 3 36 73
269 2 74 82 267
270 3 49 87 148
271 2 3 69 153
272 3 4 25 233 449
273 0 2 37 209
274 2 3 8 249 335
275 1 3 16 36
276 5 21 55 263
277 1 2 3 4 316 340 367 454
278 5 92 109 206
279 1 2 3 256 458 490
280 2 5 103 189 466
281 2 3 14 55
282 3 7 29 88 380 460
283 5 39 119 214 344
284 3 10 37 98
285 2 109 139 196 352
286 3 16 24 36 334 344 402
287 2 3 69 245
288 0 2 10 109
289 16 40 103 154
290 1 16 22 89
291 1 42 66 70
292 2 4 11 36 311
293 1 5 35 85 392
294 1 37 69 226 447 449
295 4 10 24 80
296 3 4 35 80
297 2 3 119 218
298 3 8 24 103 384
299 0 2 4 72
300 0 9 72 183
301 1 3 36 57 468
302 1 10 110 144
303 2 3 36 133
304 5 8 80 158
305 0 1 25 80 328
306 34 35 87 192
307 1 16 107 254
308 1 3 19 24
309 0 3 69 158
310 2 8 48 70 403
311 11 27 49 292
312 4 24 54 55
313 0 29 126 131 391
314 1 2 10 123
315 3 7 25 226
316 3 16 82 277
317 0 2 149 177
318 1 6 38 178
319 2 5 7 187 331
320 5 24 73 215 328
321 3 29 98 240
322 0 1 2 4
323 2 3 37 105
324 0 2 15 72
325 2 6 7 19
326 2 3 14 67 357
327 0 1 2 3
328 3 27 305 320
329 7 36 175 200
330 0 3 33 143 362
331 22 191 195 319
332 5 62 138 233
333 1 2 36 172 389
334 24 31 72 286
335 3 5 16 274 387
336 2 3 7 14 422 437 463
337 3 5 52 227 478
338 3 8 88 227
339 1 2 29 39
340 3 16 158 277
341 1 3 57 126
342 4 5 82 227 429 478
343 1 8 51 173
344 1 72 283 286
345 1 18 19 36 447
346 1 80 105 245
347 3 4 19 97
348 3 69 174 265 361 397
349 0 48 49 55
350 0 3 103 251 442
351 5 8 46 151 429
352 0 1 152 285
353 1 2 3 29
354 1 4 5 193 365 366 441
355 0 8 10 209
356 5 10 19 37
357 0 2 205 326
358 3 218 230 237 387 452
359 8 25 132 152
360 5 7 11 25
361 1 71 183 348
362 5 67 112 330
363 3 18 117 158
364 4 5 36 59 425
365 27 36 200 354 448
366 26 119 131 354 432
367 5 16 82 277
368 3 8 87 103
369 1 3 5 224
370 0 100 155 209 444
371 10 11 103 123 386 434 498
372 5 46 181 227
373 1 2 13 37
374 3 4 69 137
375 0 1 3 86
376 2 3 42 211
377 0 36 85 205
378 5 44 58 89 413
379 3 5 64 152 393
380 2 3 89 282 410
381 0 2 7 16
382 5 39 69 206
383 0 16 95 158
384 0 1 126 298
385 3 65 104 149
386 1 3 225 371
387 0 3 335 358
388 0 1 5 245
389 2 37 209 333 440
390 0 3 24 182 470
391 36 39 72 313
392 42 103 152 293 420
393 4 13 49 379
394 8 19 22 87
395 0 49 70 182
396 2 3 61 257 484
397 3 55 108 348
398 5 16 42 73
399 4 5 103 211
400 25 52 208 247
401 0 146 187 198
402 3 14 192 286
403 0 1 2 310
404 2 5 103 123
405 2 4 65 211
406 2 5 24 62
407 15 35 36 155
408 2 4 73 187
409 5 7 16 35
410 55 71 112 380
411 2 4 8 24
412 0 71 109 264 438
413 2 82 174 378
414 0 14 92 172
415 2 4 28 148
416 0 10 19 59
417 2 3 72 242
418 16 89 109 211
419 0 3 8 207
420 2 3 115 392
421 1 5 9 24 447
422 2 59 98 336
423 0 1 2 29
424 8 10 14 36
425 0 16 239 364
426 1 2 14 52
427 2 6 19 231
428 0 1 19 42
429 133 182 342 351 475
430 1 40 55 147 479
431 3 5 10 36
432 0 1 207 366
433 1 3 4 209
434 10 89 182 371
435 80 152 187 231
436 5 8 14 119
437 3 71 183 336
438 3 42 207 412
439 0 3 5 10
440 2 14 42 389
441 7 97 98 354
442 2 4 14 350
443 0 25 36 153
444 5 51 82 370
445 28 30 71 107
446 11 14 23 187
447 3 294 345 421
448 0 1 28 365
449 0 1 272 294
450 0 40 87 89
451 0 2 70 148
452 0 61 247 358
453 0 5 52 59
454 0 2 3 277
455 1 5 157 226
456 2 16 45 101 496
457 1 2 3 7
458 5 36 64 279
459 1 61 107 139
460 16 19 35 282
461 0 18 198 267
462 0 1 7 100
463 1 24 36 336
464 1 2 59 133
465 1 2 5 218
466 2 19 22 280
467 0 1 8 59
468 0 24 36 301
469 5 21 69 123
470 3 25 152 390
471 1 5 8 18
472 3 5 18 19
473 0 3 98 259
474 3 5 8 37
475 22 37 87 429
476 2 4 24 30
477 0 2 7 37
478 4 35 337 342
479 2 3 237 430
480 2 10 73 123
481 2 22 28 172
482 1 3 62 165
483 5 23 34 144
484 1 59 103 396
485 5 16 27 98
486 1 2 48 231
487 0 1 3 134
488 2 4 34 64
489 0 24 33 145
490 2 3 71 279
491 5 38 45 86 495
492 1 2 10 106
493 0 1 4 5
494 1 8 19 36
495 1 37 155 491
496 3 147 158 456
497 3 4 28 55
498 3 158 226 371
499 0 5 25 55
