0 1 2 3 4 5 6 7 8 9 10 11 12 13 14 15 17 21 22 23 24 25 26 27 29 33 34 37 38 39 42 43 44 45 48 51 52 53 56 57 58 64 67 70 71 72 73 74 78 80 81 85 86 94 97 108 110 111 112 114 115 117 118 120 129 130 132 134 135 136 137 138 139 140 141 143 144 150 153 155 156 159 162 165 166 167 168 171 173 178 186 187 188 190 194 196 199 205 207 211 212 216 218 219 223 229 230 234 235 239 241 244 248 250 255 262 265 270 277 279 283 291 296 302 303 304 311 313 318 323 325 330 331 337 342 347 352 366 368 369 373 375 376 377 379 384 386 388 391 393 405 408 411 420 423 427 432 434 438 443 448 453 460 464 467 468 469 470 472 477 480 488 489 495 498 499
1 0 2 3 4 5 6 7 8 9 10 11 13 14 15 18 20 21 22 23 24 26 28 30 31 33 38 39 40 42 44 47 50 53 56 59 60 61 65 66 68 69 70 71 72 74 76 78 80 82 85 86 87 89 90 91 94 95 96 97 98 102 105 110 114 116 119 121 122 123 124 125 131 135 137 138 139 141 151 155 160 161 163 164 165 166 169 173 175 177 178 180 182 187 192 196 199 202 203 205 210 211 214 216 218 224 225 226 227 229 233 235 237 238 239 240 245 246 247 250 252 253 257 260 265 267 269 270 272 279 280 281 282 283 284 293 299 300 306 308 312 313 317 322 323 330 331 334 337 338 346 349 350 353 355 358 362 365 368 370 371 372 373 376 377 381 383 388 394 396 397 398 400 412 413 416 419 420 421 423 427 428 429 432 435 437 440 451 453 455 457 459 461 464 467 472 474 477 481 482 483 484 488 492 493 495 497
2 0 1 3 4 5 6 7 8 9 16 17 18 19 20 21 22 24 32 34 36 38 44 45 49 50 52 54 57 60 63 64 65 68 75 76 77 79 84 92 93 94 95 97 99 103 105 108 110 112 117 119 122 129 131 132 133 134 138 139 140 144 145 148 150 151 152 157 160 162 166 171 174 176 178 179 183 186 188 190 191 194 195 202 204 206 213 215 218 225 226 230 242 243 249 257 259 265 271 273 274 275 284 290 301 308 315 316 317 318 334 335 337 339 341 356 357 361 368 369 373 378 379 382 393 399 401 406 415 419 422 424 425 428 431 434 449 450 460 471 474 477 479 482 486 492 497
3 0 1 2 4 5 10 11 12 14 15 17 19 25 27 29 30 32 36 39 40 41 46 51 52 54 58 61 64 66 67 69 73 81 83 88 99 102 104 106 108 123 125 135 142 146 149 156 162 164 166 170 172 174 177 181 197 200 208 209 212 216 219 227 228 230 233 234 238 243 244 249 256 258 268 276 294 302 304 308 324 325 331 332 333 334 339 346 351 354 355 358 367 378 382 384 391 395 399 403 404 405 408 409 412 430 436 438 439 442 444 445 452 456 466 467 475 478 490 497
4 0 1 2 3 10 12 13 23 45 47 48 55 61 62 63 79 101 140 142 155 175 182 184 206 217 245 251 256 305 326 328 352 363 369 398 408 437 444
5 0 1 2 3 6 7 8 16 17 19 26 28 34 38 41 55 61 62 66 71 80 85 86 91 100 103 114 129 134 136 144 145 148 156 170 173 180 186 201 207 208 217 220 229 232 235 236 247 265 266 279 289 295 297 298 316 322 324 326 328 336 340 341 345 346 347 350 351 367 371 379 386 387 394 395 401 406 410 416 424 426 433 447 448 455 485 489 491 493 498
6 0 1 2 5 9 11 12 18 19 28 41 42 51 53 55 57 72 86 107 121 130 149 150 158 160 172 188 194 198 200 237 246 255 281 297 312 328 356 360 366 374 389 395 397 406 418 419 431 432 440 498
7 0 1 2 5 36 69 135 164 175 206 210 219 249 257 301 309 312 320 327 427 439
8 0 1 2 5
9 0 1 2 6 16 35 56 65 89 128 160 181 285 491 499
10 0 1 3 4 15 31 37 75 119 125 128 141 153 157 193 202 207 223 238 278 280 296 307 309 319 331 349 357 364 377 390 396 401 404 427 429 430 443 471 478
11 0 1 3 6 14 27 32 33 43 56 74 87 91 102 110 127 129 137 141 147 170 172 177 192 213 260 261 271 272 273 276 294 314 317 332 342 353 379 386 389 399 422 458 488 494
12 0 3 4 6 13 20 27 31 49 50 64 71 84 92 93 101 111 122 133 143 154 159 184 198 208 237 241 253 276 280 286 290 297 305 321 326 332 344 354 362 391 416 421 426 450 462 464 476 480 496
13 0 1 4 12 18 21 23 26 29 35 47 63 65 69 73 88 100 107 116 118 119 123 124 130 131 154 163 164 182 231 238 267 268 270 273 282 296 310 320 338 372 384 425 436 438 496
14 0 1 3 11 16 20 34 37 101 122 145 161 170 198 202 250 260 267 292 311 318 343 380 382 440 447 463 495
15 0 1 3 10 40 44 55 67 84 90 93 101 109 113 124 148 159 169 194 196 198 209 213 244 288 310 374 375 387 404 409 416 434 445 456 462 470 473
16 2 5 9 14 24 54 88 92 191 193 209 210 211 225 245 254 263 276 286 321 365
17 0 2 3 5 32 43 47 78 79 82 96 100 104 126 158 163 270 288 298 314 319 338 347 374 390 417 428 435 452 455 490
18 1 2 6 13 28 30 37 49 54 58 60 62 75 79 95 97 98 99 103 109 117 150 151 161 205 222 231 236 242 248 259 269 272 309 328 333 343 351 357 358 359 375 387 390 394 405 407 415 453 468 479 487 494 499
19 2 3 5 6 39 49 83 88 98 104 190 269 285 289 292 304 315 333 336 340 348 429 443 471 484
20 1 2 12 14 22 104 168 221 269
21 0 1 2 13 25 435
22 0 1 2 20 30 33 40 46 51 57 82 90 94 113 124 142 147 153 154 173 176 179 182 188 189 220 228 230 233 236 252 261 272 308 330 341 386 395 400 404 405 428 448 449 490
23 0 1 4 13 45 60 68 105 111 203 241 263 283 306 407 441 456
24 0 1 2 16 25 31 46 66 80 133 142 146 183 193 204 223 243 245 256 266 290 324 345 364 389 447 457 460 487
25 0 3 21 24
26 0 1 5 13
27 0 3 11 12 29 35 36 43 52 59 63 70 78 95 125 126 128 134 136 139 155 171 190 191 192 217 232 239 240 248 268 277 287 294 300 305 326 344 347 355 377 383 425 430 442 455 465 467
28 1 5 6 18 41 70 176 224 282 289 313 469
29 0 3 13 27 35 53 76 82 106 147 159 169 203 216 223 224 262 306 319 333 402 408 484
30 1 3 18 22 48 77 106 201 422
31 1 10 12 24 149 171 174 214 217
32 2 3 11 17 42 131 147 156 197 278 286 299 335 364
33 0 1 11 22 184 200 258 310 343 363 366 378 384 473 485 491
34 0 2 5 14 77 161 186 226 287 311 439 458
35 9 13 27 29 46 93 112 300 385 415 459 464
36 2 3 7 27 58 67 100 127 143 148 224 260 355 358 361 374 445 463
37 0 10 14 18 127
38 0 1 2 5 90 107 165 225 232 247 252 468 482
39 0 1 3 19 48 133 185 237 251 288 307 370 410 454 463
40 1 3 15 22 50 109 181
41 3 5 6 28 76 195 196 212 258 275 320 479
42 0 1 6 32 121 185 291 348 356 444 454 463 471
43 0 11 17 27 81 332 458
44 0 1 2 15 448 474
45 0 2 4 23 118
46 3 22 24 35 59 317 468
47 1 4 13 17 62 87 109 111 126 128 195 221 293 303 314 397 439
48 0 4 30 39 149 175 204 227 263 357 438 466
49 2 12 18 19 153
50 1 2 12 40 84 103 115 167 197 228 254 285 412
51 0 3 6 22 68 91 102 184 185 255 299 323 400 402 413 451
52 0 2 3 27 92 353
53 0 1 6 29 77 99 115 120 146 157 180 189 204 319 343 385 414 429 493
54 2 3 16 18
55 4 5 6 15 130
56 0 1 9 11 249
57 0 2 6 22 244 459
58 0 3 18 36 59 72 98 179 195 258 263 264 324 327 367 370 372 412 418 426 445 454 486
59 1 27 46 58 89
60 1 2 18 23
61 1 3 4 5 96 132 219 259
62 4 5 18 47 73 87 112 113 146 158 163 181 199 207 208 214 215 234 291 364 368 392 398 446 496
63 2 4 13 27
64 0 2 3 12 340
65 1 2 9 13 81 145 167
66 1 3 5 24
67 0 3 15 36
68 1 2 23 51 74 83 117 201 209 215 281 283 304 351 407 417 430 433
69 1 3 7 13 334 367 381 422
70 0 1 27 28 75 107 158 314
71 0 1 5 12 96 144 253 354
72 0 1 6 58 278
73 0 3 13 62
74 0 1 11 68
75 2 10 18 70 310
76 1 2 29 41 120 127 214 248 271 273 325 383
77 2 30 34 53
78 0 1 17 27 189 290 492
79 2 4 17 18 138 232 274 292 359 470
80 0 1 5 24 83 89 113 179 189 257 271 277 301 307 320 339 497
81 0 3 43 65 152 278 350 371 431
82 1 17 22 29
83 3 19 68 80 85 233
84 2 12 15 50 400
85 0 1 5 83
86 0 1 5 6 348 389 431 482
87 1 11 47 62 178
88 3 13 16 19 192 242
89 1 9 59 80
90 1 15 22 38 167 169 240 354 485
91 1 5 11 51 115 335 341 406 452 481
92 2 12 16 52
93 2 12 15 35 105 187
94 0 1 2 22 137 327 462
95 1 2 18 27 472
96 1 17 61 71 205 231 302 410 452
97 0 1 2 18 118 126 440
98 1 18 19 58 154 396
99 2 3 18 53
100 5 13 17 36 108 116 123 212 236 240 329 458
101 4 12 14 15 168 365
102 1 3 11 51
103 2 5 18 50 106 143 297 316 473
104 3 17 19 20 247 280 350 393
105 1 2 23 93 200 336 444
106 3 29 30 103 116 187 203 295 411 436
107 6 13 38 70 114 120 121 132 191 261 266 279 359 401
108 0 2 3 100 411
109 15 18 40 47 289 437
110 0 1 2 11 165 241 388 475
111 0 12 23 47
112 0 2 35 62 453
113 15 22 62 80 474
114 0 1 5 107
115 0 50 53 91 213 346 382
116 1 13 100 106 292 340 494
117 0 2 18 68 449
118 0 13 45 97 140 433 460
119 1 2 10 13 157
120 0 53 76 107 152 264
121 1 6 42 107 426
122 1 2 12 14 162 222 259 295 322
123 1 3 13 100 174 264
124 1 13 15 22 418
125 1 3 10 27 151 298
126 17 27 47 97
127 11 36 37 76 486
128 9 10 27 47
129 0 2 5 11
130 0 6 13 55 136 254 284 295 313 403 410
131 1 2 13 32 466
132 0 2 61 107 342
133 2 12 24 39
134 0 2 5 27 301
135 0 1 3 7 397
136 0 5 27 130 220 250 362 451 476
137 0 1 11 94
138 0 1 2 79 484
139 0 1 2 27 376
140 0 2 4 118 222 256 345 495
141 0 1 10 11 172 211 222 231 262 318 434 466
142 3 4 22 24
143 0 12 36 103 177
144 0 2 5 71
145 2 5 14 65 210 221 246 286 288 352 378 414 417
146 3 24 53 62 402
147 11 22 29 32 486
148 2 5 15 36
149 3 6 31 48 417
150 0 2 6 18
151 1 2 18 125 152 254 264 380 403 461
152 2 81 120 151
153 0 10 22 49
154 12 13 22 98 391
155 0 1 4 27
156 0 3 5 32
157 2 10 53 119 183
158 6 17 62 70 491
159 0 12 15 29
160 1 2 6 9
161 1 14 18 34 424
162 0 2 3 122 180
163 1 13 17 62 168 185 197 239 268 291 383 420 480
164 1 3 7 13 176 329
165 0 1 38 110
166 0 1 2 3
167 0 50 65 90 356 418
168 0 20 101 163 221 337 361
169 1 15 29 90
170 3 5 11 14
171 0 2 27 31 476
172 3 6 11 141 388
173 0 1 5 22 218 275 399
174 2 3 31 123 253 261 299 302 306 330 421
175 1 4 7 48 451
176 2 22 28 164 465
177 1 3 11 143 215 446 483
178 0 1 2 87
179 2 22 58 80 183 415 461 489
180 1 5 53 162 435
181 3 9 40 62 303
182 1 4 13 22 285
183 2 24 157 179 199 335 363 450
184 4 12 33 51 349
185 39 42 51 163 193 206 229 234 252 274 325
186 0 2 5 34
187 0 1 93 106
188 0 2 6 22
189 22 53 78 80 242
190 0 2 19 27
191 2 16 27 107 226 339
192 1 11 27 88
193 10 16 24 185 360 414 442
194 0 2 6 15
195 2 41 47 58 220 284
196 0 1 15 41 235 316 477
197 3 32 50 163 227 262 381 433
198 6 12 14 15
199 0 1 62 183 487 499
200 3 6 33 105 201 267 300
201 5 30 68 200 369
202 1 2 10 14
203 1 23 29 106
204 2 24 48 53
205 0 1 18 96 228 446 478
206 2 4 7 185
207 0 5 10 62 255 480
208 3 5 12 62 287 322 353 437
209 3 15 16 68
210 1 7 16 145 281 387 413
211 0 1 16 141
212 0 3 41 100 307 380 494
213 2 11 15 115 446
214 1 31 62 76 470
215 2 62 68 177 469
216 0 1 3 29
217 4 5 27 31 309
218 0 1 2 173 365 375 465
219 0 3 7 61 246
220 5 22 136 195
221 20 47 145 168 436
222 18 122 140 141 376 393
223 0 10 24 29 251
224 1 28 29 36
225 1 2 16 38 315 402
226 1 2 34 191 294 321 392 483
227 1 3 48 197
228 3 22 50 205
229 0 1 5 185 282 392
230 0 2 3 22 243 344 349 360 396 459
231 13 18 96 141
232 5 27 38 79
233 1 3 22 83 407
234 0 3 62 185 329 348 360 371
235 0 1 5 196
236 5 18 22 100 275
237 1 6 12 39 485
238 1 3 10 13 293 411
239 0 1 27 163
240 1 27 90 100 251 336 465
241 0 12 23 110
242 2 18 88 189 481
243 2 3 24 230
244 0 3 15 57
245 1 4 16 24 370 475
246 1 6 145 219 266
247 1 5 38 104 419 456
248 0 18 27 76 394
249 2 3 7 56 425
250 0 1 14 136
251 4 39 223 240
252 1 22 38 185
253 1 12 71 174
254 16 50 130 151
255 0 6 51 207 277
256 3 4 24 140
257 1 2 7 80 305 441
258 3 33 41 58
259 2 18 61 122 476
260 1 11 14 36 312 457
261 11 22 107 174
262 0 29 141 197
263 16 23 48 58 329
264 58 120 123 151 274 311
265 0 1 2 5
266 5 24 107 246
267 1 13 14 200
268 3 13 27 163 390
269 1 18 19 20
270 0 1 13 17
271 2 11 76 80
272 1 11 18 22 361
273 2 11 13 76
274 2 79 185 264 287 483
275 2 41 173 236 380
276 3 11 12 16
277 0 27 80 255 298
278 10 32 72 81 293 303 323 344 381 490
279 0 1 5 107 423
280 1 10 12 104
281 1 6 68 210 321
282 1 13 28 229 473
283 0 1 23 68
284 1 2 130 195
285 9 19 50 182
286 12 16 32 145 296 403
287 27 34 208 274
288 15 17 39 145 457
289 5 19 28 109
290 2 12 24 78
291 0 42 62 163
292 14 19 79 116
293 1 47 238 278 327 385 423
294 3 11 27 226 359
295 5 106 122 130 342
296 0 10 13 286
297 5 6 12 103 362 409
298 5 17 125 277
299 1 32 51 174
300 1 27 35 200 372 414
301 2 7 80 134 315 345
302 0 3 96 174
303 0 47 181 278
304 0 3 19 68
305 4 12 27 257
306 1 23 29 174
307 10 39 80 212
308 1 2 3 22
309 7 10 18 217
310 13 15 33 75
311 0 14 34 264
312 1 6 7 260
313 0 1 28 130
314 11 17 47 70 496
315 2 19 225 301
316 2 5 103 196 373
317 1 2 11 46
318 0 2 14 141
319 10 17 29 53
320 7 13 41 80 338
321 12 16 226 281
322 1 5 122 208
323 0 1 51 278
324 3 5 24 58 392
325 0 3 76 185
326 4 5 12 27
327 7 58 94 293
328 4 5 6 18
329 100 164 234 263
330 0 1 22 174 352 385
331 0 1 3 10
332 3 11 12 43
333 3 18 19 29
334 1 2 3 69 363 421
335 2 32 91 183
336 5 19 105 240
337 0 1 2 168
338 1 13 17 320
339 2 3 80 191
340 5 19 64 116
341 2 5 22 91
342 0 11 132 295
343 14 18 33 53 424
344 12 27 230 278 366
345 5 24 140 301 443 472
346 1 3 5 115
347 0 5 17 27
348 19 42 86 234
349 1 10 184 230
350 1 5 81 104
351 3 5 18 68
352 0 4 145 330
353 1 11 52 208 462
354 3 12 71 90
355 1 3 27 36
356 2 6 42 167
357 2 10 18 48
358 1 3 18 36 469
359 18 79 107 294
360 6 193 230 234 478
361 2 36 168 272
362 1 12 136 297 441
363 4 33 183 334
364 10 24 32 62
365 1 16 101 218
366 0 6 33 344
367 3 5 58 69
368 0 1 2 62
369 0 2 4 201
370 1 39 58 245
371 1 5 81 234
372 1 13 58 300 492
373 0 1 2 316 398
374 6 15 17 36
375 0 15 18 218 487
376 0 1 139 222
377 0 1 10 27 441
378 2 3 33 145
379 0 2 5 11
380 14 151 212 275 409 420 493
381 1 69 197 278
382 2 3 14 115
383 1 27 76 163
384 0 3 13 33
385 35 53 293 330
386 0 5 11 22 475
387 5 15 18 210
388 0 1 110 172
389 6 11 24 86 498
390 10 17 18 268
391 0 3 12 154
392 62 226 229 324
393 0 2 104 222
394 1 5 18 248
395 3 5 6 22
396 1 10 98 230 449
397 1 6 47 135
398 1 4 62 373 432 442 461
399 2 3 11 173
400 1 22 51 84
401 2 5 10 107
402 29 51 146 225
403 3 130 151 286
404 3 10 15 22
405 0 3 18 22 413
406 2 5 6 91
407 18 23 68 233
408 0 3 4 29 488
409 3 15 297 380
410 5 39 96 130
411 0 106 108 238
412 1 3 50 58
413 1 51 210 405
414 53 145 193 300
415 2 18 35 179
416 1 5 12 15
417 17 68 145 149
418 6 58 124 167 479
419 1 2 6 247
420 0 1 163 380
421 1 12 174 334
422 2 11 30 69
423 0 1 279 293 489
424 2 5 161 343 447
425 2 13 27 249
426 5 12 58 121
427 0 1 7 10
428 1 2 17 22
429 1 10 19 53
430 3 10 27 68
431 2 6 81 86
432 0 1 6 398
433 5 68 118 197
434 0 2 15 141 450
435 1 17 21 180
436 3 13 106 221
437 1 4 109 208
438 0 3 13 48
439 3 7 34 47
440 1 6 14 97
441 23 257 362 377
442 3 27 193 398
443 0 10 19 345
444 3 4 42 105 454
445 3 15 36 58
446 62 177 205 213
447 5 14 24 424
448 0 5 22 44
449 2 22 117 396
450 2 12 183 434
451 1 51 136 175
452 3 17 91 96
453 0 1 18 112
454 39 42 58 444
455 1 5 17 27
456 3 15 23 247
457 1 24 260 288
458 11 34 43 100
459 1 35 57 230
460 0 2 24 118
461 1 151 179 398
462 12 15 94 353
463 14 36 39 42
464 0 1 12 35
465 27 176 218 240
466 3 48 131 141
467 0 1 3 27
468 0 18 38 46
469 0 28 215 358
470 0 15 79 214
471 2 10 19 42
472 0 1 95 345
473 15 33 103 282
474 1 2 44 113
475 3 110 245 386
476 12 136 171 259
477 0 1 2 196 481
478 3 10 205 360
479 2 18 41 418
480 0 12 163 207
481 1 91 242 477
482 1 2 38 86
483 1 177 226 274
484 1 19 29 138
485 5 33 90 237
486 2 58 127 147
487 18 24 199 375
488 0 1 11 408
489 0 5 179 423
490 3 17 22 278
491 5 9 33 158
492 1 2 78 372
493 1 5 53 380
494 11 18 116 212
495 0 1 14 140
496 12 13 62 314
497 1 2 3 80
498 0 5 6 389
499 0 9 18 199
