0 1 2 3 4 5 6 7 8 9 12 13 14 16 17 18 19 22 23 25 27 30 32 33 34 35 38 46 47 50 51 56 59 62 64 65 67 68 69 70 71 72 78 82 92 95 96 98 99 101 103 106 107 111 112 115 120 123 124 128 129 130 141 142 146 156 159 160 165 170 171 174 175 177 184 186 190 193 205 206 210 216 217 219 222 226 227 228 230 232 239 240 242 243 252 253 264 270 271 273 276 279 281 290 296 299 309 310 312 318 323 325 326 327 335 339 340 341 342 348 358 359 370 373 376 377 385 387 390 399 403 407 408 415 416 419 425 443 446 456 465 467 470 474 475 476 479 480 485 494 496 497 499
1 0 2 3 4 5 7 8 9 10 12 13 14 15 16 17 18 19 20 21 22 23 24 26 29 30 31 32 33 36 37 38 43 44 45 46 47 48 49 51 52 53 55 56 62 63 65 68 71 73 74 77 79 80 81 86 88 89 91 96 98 102 106 108 111 116 117 118 122 124 125 128 129 131 138 141 145 147 148 149 150 153 154 157 159 160 166 167 169 173 174 176 178 180 181 185 189 191 192 193 199 201 202 209 212 215 216 220 227 228 233 238 240 246 249 250 251 252 254 256 258 260 261 262 264 267 269 270 272 285 288 291 293 298 304 305 306 310 320 338 347 348 359 362 363 365 366 368 370 379 382 386 389 391 393 395 399 401 409 415 422 424 425 431 434 440 446 449 458 461 465 466 477 479 489 491 493 494 495 496
2 0 1 3 4 9 17 25 26 30 31 35 39 42 43 45 52 53 55 72 75 89 91 93 95 100 105 107 108 112 118 120 138 151 189 192 198 200 203 206 210 211 214 244 245 248 254 263 276 282 295 304 308 313 327 349 368 374 385 406 409 421 446 447 458 464 477 486
3 0 1 2 4 5 6 8 9 10 11 12 14 16 18 23 25 36 37 38 40 42 44 48 50 52 53 54 55 56 59 60 62 63 70 71 78 81 83 87 88 90 92 94 96 122 124 126 127 130 133 135 136 140 145 147 148 149 155 158 164 171 176 177 181 182 188 191 194 196 199 209 213 217 218 219 226 227 228 230 234 235 239 241 246 247 265 271 272 279 284 290 297 303 306 308 313 314 318 320 324 328 334 335 336 340 354 366 373 375 376 378 381 392 398 404 410 413 420 422 424 433 438 448 451 462 464 473 475 483 488 492 497 498
4 0 1 2 3 5 6 11 12 13 14 15 19 20 22 24 29 35 40 41 45 46 49 50 55 57 58 79 84 85 88 89 94 99 104 107 110 112 113 121 125 132 134 137 140 144 156 163 164 165 172 178 185 194 197 199 203 213 214 218 219 220 222 229 231 233 237 238 243 245 247 260 262 268 274 275 278 285 292 293 296 298 299 300 302 303 307 308 309 311 326 329 334 337 346 347 349 351 356 362 369 370 390 392 394 409 414 415 418 423 430 436 440 446 449 455 463 467 472 480 494 499
5 0 1 3 4 6 7 8 10 11 13 15 16 19 21 24 28 31 32 33 34 39 40 41 43 46 52 53 54 64 66 67 69 70 73 74 75 76 82 98 100 108 109 111 114 115 118 119 120 124 127 129 135 136 139 143 150 154 157 183 187 197 202 205 224 229 230 231 238 242 246 248 249 254 259 263 264 265 267 269 270 271 276 279 282 284 291 296 297 303 304 307 310 312 318 319 323 325 330 336 340 344 345 349 350 354 361 363 381 384 387 392 393 399 400 403 405 406 408 410 411 417 421 427 430 434 437 439 442 455 459 468 471 474 478 488 490 496 499
6 0 3 4 5 7 34 60 114 156 208 232 278 315 371 432 449 492
7 0 1 5 6 11 15 17 27 29 30 34 37 38 44 48 58 62 63 66 67 86 87 97 101 103 113 122 126 141 143 152 158 168 174 182 184 186 198 204 212 225 248 251 253 256 257 261 266 278 279 286 290 298 301 306 311 320 341 359 360 363 367 369 372 380 393 397 402 404 405 413 416 419 423 426 438 441 447 450 451 454 464 466 469 471 479 480 482 486 488
8 0 1 3 5 10 27 51 81 96 107 144 153 205 224 233 255 281 370 387 482
9 0 1 2 3 77 163
10 1 3 5 8 24 26 27 28 33 42 43 61 64 76 79 80 84 91 97 100 115 125 126 132 159 165 167 170 189 206 210 216 221 228 242 250 261 277 302 305 310 322 334 340 346 348 381 386 388 391 403 407 418 421 428 431 437 457 483 494
11 3 4 5 7 61 151 214 241 311 332 337 342 350 406 408 423 442 452 475 481 498
12 0 1 3 4 20 22 23 28 29 32 41 47 49 78 84 88 90 92 93 98 99 101 103 106 109 114 116 120 121 123 125 131 132 135 141 150 152 156 158 161 163 164 168 178 179 190 198 207 211 220 223 224 226 232 249 251 255 267 281 302 321 333 334 350 357 361 373 376 389 394 395 408 419 425 429 444 448 453 460 468 471 473 492 495 498
13 0 1 4 5 47 58 67 72 81 92 104 111 117 137 159 160 161 162 178 182 194 270 284 285 288 295 300 301 305 315 319 344 347 353 354 360 362 397 412 436 440 444 457 464 469 472 484
14 0 1 3 4
15 1 4 5 7 18 21 36 37 49 63 108 110 127 133 134 144 147 162 171 200 207 208 226 244 259 274 280 288 291 295 298 321 339 355 375 382 387 390 393 420 447 453 462 468 476 482 485 487
16 0 1 3 5 26 31 39 42 73 85 208 301 319 333 365 428 448
17 0 1 2 7 20 21 25 48 50 58 94 119 143 242 250 280 297 330 346 386 391 398 411 412 419 497
18 0 1 3 15 68 117 206
19 0 1 4 5 28 57 93 177 216 251 257 273 282 286 314 371 420 427 429 441 450 484
20 1 4 12 17 54 99 142 167 297 376 421 429 482
21 1 5 15 17 51 130 173 269 272 283 365 395
22 0 1 4 12
23 0 1 3 12 41 57 65 75 80 100 102 117 123 147 151 170 175 179 199 215 223 237 247 258 287 292 323 339 349 350 360 371 372 388 400 433 465 488
24 1 4 5 10 68 89 109 134 139 164 165 186 207 211 312 337 338 425 444 469
25 0 2 3 17 45 87 184 239
26 1 2 10 16 182
27 0 7 8 10 82 103 133 186 231 316 333
28 5 10 12 19 69 86 162 237 260 266 317 338 356 361 436 472
29 1 4 7 12 136 140 188 231 236
30 0 1 2 7 75 201 374
31 1 2 5 16
32 0 1 5 12 35 36 76 83 85 95 105 114 118 122 139 166 171 184 188 189 211 213 218 223 227 266 277 283 299 326 344 369 373 379 383 402 435 438 448 461
33 0 1 5 10 352
34 0 5 6 7 54 95 101 105 116 136 190 214 218 221 271 294 336 394 401 426 467
35 0 2 4 32 73 200 207 275 324 325 332 472 477 498
36 1 3 15 32 40 57 59 64 65 74 77 104 113 121 137 146 153 172 181 193 201 202 215 235 236 255 256 272 289 296 335 345 356 358 377 384 389 396 402 428 468
37 1 3 7 15 39 44 85 126 127 148 149 167 183 280 300 315 352 355 366 367
38 0 1 3 7 188
39 2 5 16 37
40 3 4 5 36 91 102 132 145 158 260 265 331 384 461
41 4 5 12 23 192
42 2 3 10 16 61 66 70 72 74 113 116 119 146 162 168 173 210 249 253 257 265 268 303 307 313 355 356 372 378 382 402 443 460 475 493
43 1 2 5 10
44 1 3 7 37 87 102 110 196 306
45 1 2 4 25 155 417 423
46 0 1 4 5 121 273 327 432 458 467
47 0 1 12 13 187 208 432 486
48 1 3 7 17
49 1 4 12 15 77 82 86 134 142 151 169 173 198 215 239 245 312 331 358 406 458 469
50 0 3 4 17 56 495
51 0 1 8 21
52 1 2 3 5 60
53 1 2 3 5 445
54 3 5 20 34 154 217 353
55 1 2 3 4 61 71 83 90 142 149 168 241 280 322 404
56 0 1 3 50 192 322 444
57 4 19 23 36 59 60 84 93 104 123 131 152 172 212 250 269 283 392 396 412 474
58 4 7 13 17 416
59 0 3 36 57
60 3 6 52 57 190 247
61 10 11 42 55
62 0 1 3 7 404
63 1 3 7 15 163
64 0 5 10 36 155 463
65 0 1 23 36 66 69 79 148 161 195 200 367 411 434 470 481 486 492
66 5 7 42 65 76 161
67 0 5 7 13 195 319
68 0 1 18 24 97 133 238 305 328 338 342 362 363 379 401 434 443 450 466
69 0 5 28 65 78 234 484
70 0 3 5 42
71 0 1 3 55 83 166 169 191 223 225 244 277 291 331 335 367 430 459
72 0 2 13 42 80 287 443
73 1 5 16 35 175 264 273
74 1 5 36 42 328 433 449
75 2 5 23 30 451
76 5 10 32 66
77 1 9 36 49
78 0 3 12 69 106 128 245 275 283
79 1 4 10 65 130 140 185 197 289 323 345 454
80 1 10 23 72 119 180 213 253 266 267 275 294 301 355 429 447 491
81 1 3 8 13 94 240 278 410 413
82 0 5 27 49 153 183 185 204 274 321 339 454 497
83 3 32 55 71 97 105 191 398 489
84 4 10 12 57 289 343 352 368 397 427
85 4 16 32 37 181 229 396 413 454
86 1 7 28 49 90 110 222 286 441 461
87 3 7 25 44 268
88 1 3 4 12 138 222 394 479
89 1 2 4 24 308
90 3 12 55 86
91 1 2 10 40 329
92 0 3 12 13 143 194 375
93 2 12 19 57
94 3 4 17 81 170 204 284 371 383 455
95 0 2 32 34 304 316 332
96 0 1 3 8
97 7 10 68 83 258 333 374 385 389 478 483
98 0 1 5 12 232 261 309 473
99 0 4 12 20 109 112 115 135 145 150 204 259 282 314 316 365 476
100 2 5 10 23 234 263 442
101 0 7 12 34 322 415 422
102 1 23 40 44 137 172 233 263 325 344 361 463
103 0 7 12 27 332
104 4 13 36 57 466
105 2 32 34 83 300 307 364 375
106 0 1 12 78
107 0 2 4 8
108 1 2 5 15
109 5 12 24 99 470
110 4 15 44 86 336 460
111 0 1 5 13 157 196 202 255 380 381 384 432 474
112 0 2 4 99 160 288
113 4 7 36 42 139 276
114 5 6 12 32 359 398
115 0 5 10 99 128 176 183 187 203 229 243 246 294 380 388 407 428 452
116 1 12 34 42
117 1 13 18 23
118 1 2 5 32 252 295 477
119 5 17 42 80 225 236
120 0 2 5 12 379
121 4 12 36 46 187
122 1 3 7 32 152 176 195 274 287 337 357 411
123 0 12 23 57
124 0 1 3 5 129 489
125 1 4 10 12 179
126 3 7 10 37 138 220 236 237 268
127 3 5 15 37
128 0 1 78 115
129 0 1 5 124 343
130 0 3 21 79 131 487
131 1 12 57 130 144 180 403 409
132 4 10 12 40 179
133 3 15 27 68
134 4 15 24 49
135 3 5 12 99 320 457
136 3 5 29 34 169 360
137 4 13 36 102 146 331 491
138 1 2 88 126
139 5 24 32 113
140 3 4 29 79 201 235 317 391
141 0 1 7 12
142 0 20 49 55
143 5 7 17 92 154
144 4 8 15 131 309 417 439
145 1 3 40 99 487
146 0 36 42 137
147 1 3 15 23 155 157 195 416
148 1 3 37 65
149 1 3 37 55 254 327
150 1 5 12 99
151 2 11 23 49 221 329 405 420 496
152 7 12 57 122 196 311 400
153 1 8 36 82
154 1 5 54 143 177
155 3 45 64 147 241 483
156 0 4 6 12
157 1 5 111 147
158 3 7 12 40 205 277 353
159 0 1 10 13 224 225 244 281 302 353 487
160 0 1 13 112 180 193
161 12 13 65 66 257 286 401 435
162 13 15 28 42
163 4 9 12 63 166 174 175 451
164 3 4 12 24
165 0 4 10 24 212 287 290 346 430
166 1 32 71 163 358 465
167 1 10 20 37 343 493
168 7 12 42 55 197 405 426
169 1 49 71 136 262 329 439
170 0 10 23 94 230 395
171 0 3 15 32
172 4 36 57 102
173 1 21 42 49 357
174 0 1 7 163
175 0 23 73 163
176 1 3 115 122
177 0 3 19 154 315
178 1 4 12 13
179 12 23 125 132
180 1 80 131 160 463
181 1 3 36 85 203 219 351 412
182 3 7 13 26
183 5 37 82 115 235
184 0 7 25 32
185 1 4 79 82 324 341 485
186 0 7 24 27 382
187 5 47 115 121
188 3 29 32 38 209
189 1 2 10 32 234 455 478
190 0 12 34 60 396 422 476
191 1 3 71 83
192 1 2 41 56 209 221 343 386 399
193 0 1 36 160 341
194 3 4 13 92
195 65 67 122 147 217 248 256 407
196 3 44 111 152 294
197 4 5 79 168
198 2 7 12 49 364 372 377 453 481
199 1 3 4 23
200 2 15 35 65 326 374 388 424 457
201 1 30 36 140 431
202 1 5 36 111
203 2 4 115 181
204 7 82 94 99 316 485
205 0 5 8 158
206 0 2 10 18 328 417
207 12 15 24 35 293 317
208 6 15 16 47
209 1 3 188 192 410
210 0 2 10 42
211 2 12 24 32
212 1 7 57 165
213 3 4 32 80 240 418
214 2 4 11 34
215 1 23 36 49 347 456
216 0 1 10 19
217 0 3 54 195 259
218 3 4 32 34
219 0 3 4 181 351
220 1 4 12 126 480
221 10 34 151 192 258 378 414
222 0 4 86 88 285 293 330 414 452
223 12 23 32 71 368
224 5 8 12 159
225 7 71 119 159
226 0 3 12 15
227 0 1 3 32
228 0 1 3 10
229 4 5 85 115 299
230 0 3 5 170 252
231 4 5 27 29 317
232 0 6 12 98
233 1 4 8 102 243
234 3 69 100 189 418 456
235 3 36 140 183
236 29 36 119 126
237 4 23 28 126
238 1 4 5 68
239 0 3 25 49
240 0 1 81 213
241 3 11 55 155
242 0 5 10 17 292
243 0 4 115 233 424
244 2 15 71 159 262
245 2 4 49 78
246 1 3 5 115 342 473
247 3 4 23 60
248 2 5 7 195 345
249 1 5 12 42
250 1 10 17 57
251 1 7 12 19
252 0 1 118 230 314
253 0 7 42 80 354 397
254 1 2 5 149 324 450
255 8 12 36 111
256 1 7 36 195
257 7 19 42 161 390
258 1 23 97 221 462
259 5 15 99 217
260 1 4 28 40
261 1 7 10 98
262 1 4 169 244 348 442
263 2 5 100 102
264 0 1 5 73
265 3 5 40 42 490
266 7 28 32 80 445
267 1 5 12 80 289 318
268 4 42 87 126
269 1 5 21 57 456 459 490
270 0 1 5 13
271 0 3 5 34 292 378 380
272 1 3 21 36
273 0 19 46 73
274 4 15 82 122
275 4 35 78 80
276 0 2 5 113
277 10 32 71 158
278 4 6 7 81 330 431
279 0 3 5 7
280 15 17 37 55
281 0 8 12 159
282 2 5 19 99
283 21 32 57 78 351
284 3 5 13 94
285 1 4 13 222 470
286 7 19 86 161 364
287 23 72 122 165 364
288 1 13 15 112
289 36 79 84 267
290 0 3 7 165
291 1 5 15 71
292 4 23 242 271
293 1 4 207 222
294 34 80 115 196 357
295 2 13 15 118
296 0 4 5 36
297 3 5 17 20 369 484
298 1 4 7 15 313
299 0 4 32 229
300 4 13 37 105
301 7 13 16 80 352
302 4 10 12 159
303 3 4 5 42 383 414
304 1 2 5 95 385
305 1 10 13 68 489
306 1 3 7 44 321
307 4 5 42 105
308 2 3 4 89
309 0 4 98 144
310 0 1 5 10
311 4 7 11 152
312 0 5 24 49
313 2 3 42 298
314 3 19 99 252
315 6 13 37 177
316 27 95 99 204
317 28 140 207 231
318 0 3 5 267
319 5 13 16 67
320 1 3 7 135
321 12 15 82 306
322 10 55 56 101
323 0 5 23 79
324 3 35 185 254
325 0 5 35 102
326 0 4 32 200 383 445
327 0 2 46 149
328 3 68 74 206 437
329 4 91 151 169
330 5 17 222 278
331 40 49 71 137
332 11 35 95 103
333 12 16 27 97
334 3 4 10 12
335 0 3 36 71
336 3 5 34 110
337 4 11 24 122
338 1 24 28 68 426 499
339 0 15 23 82
340 0 3 5 10
341 0 7 185 193
342 0 11 68 246
343 84 129 167 192
344 5 13 32 102
345 5 36 79 248 493
346 4 10 17 165
347 1 4 13 215
348 0 1 10 262
349 2 4 5 23 366 377
350 5 11 12 23
351 4 181 219 283
352 33 37 84 301 439 481
353 13 54 158 159
354 3 5 13 253
355 15 37 42 80
356 4 28 36 42 400
357 12 122 173 294
358 0 36 49 166
359 0 1 7 114
360 7 13 23 136
361 5 12 28 102
362 1 4 13 68
363 1 5 7 68
364 105 198 286 287
365 1 16 21 99 435
366 1 3 37 349
367 7 37 65 71
368 1 2 84 223
369 4 7 32 297
370 0 1 4 8
371 6 19 23 94 459
372 7 23 42 198
373 0 3 12 32
374 2 30 97 200
375 3 15 92 105 427
376 0 3 12 20
377 0 36 198 349 438
378 3 42 221 271
379 1 32 68 120
380 7 111 115 271
381 3 5 10 111
382 1 15 42 186 433
383 32 94 303 326 436
384 5 36 40 111
385 0 2 97 304
386 1 10 17 192
387 0 5 8 15 441
388 10 23 115 200
389 1 12 36 97
390 0 4 15 257
391 1 10 17 140
392 3 4 5 57
393 1 5 7 15
394 4 12 34 88
395 1 12 21 170
396 36 57 85 190
397 7 13 84 253
398 3 17 83 114 495
399 0 1 5 192
400 5 23 152 356
401 1 34 68 161
402 7 32 36 42
403 0 5 10 131
404 3 7 55 62
405 5 7 151 168
406 2 5 11 49 453
407 0 10 115 195
408 0 5 11 12
409 1 2 4 131
410 3 5 81 209
411 5 17 65 122
412 13 17 57 181
413 3 7 81 85
414 4 221 222 303
415 0 1 4 101
416 0 7 58 147
417 5 45 144 206
418 4 10 213 234
419 0 7 12 17
420 3 15 19 151
421 2 5 10 20
422 1 3 101 190
423 4 7 11 45 460
424 1 3 200 243
425 0 1 12 24 445
426 7 34 168 338 452
427 5 19 84 375
428 10 16 36 115
429 12 19 20 80
430 4 5 71 165 491
431 1 10 201 278 435
432 6 46 47 111
433 3 23 74 382 437 440
434 1 5 65 68
435 32 161 365 431
436 4 13 28 383
437 5 10 328 433
438 3 7 32 377
439 5 144 169 352
440 1 4 13 433 471
441 7 19 86 387
442 5 11 100 262
443 0 42 68 72
444 12 13 24 56
445 53 266 326 425
446 0 1 2 4
447 2 7 15 80
448 3 12 16 32 490
449 1 4 6 74
450 7 19 68 254
451 3 7 75 163 462
452 11 115 222 426
453 12 15 198 406
454 7 79 82 85
455 4 5 94 189
456 0 215 234 269
457 10 13 135 200
458 1 2 46 49
459 5 71 269 371
460 12 42 110 423 478
461 1 32 40 86
462 3 15 258 451
463 4 64 102 180
464 2 3 7 13
465 0 1 23 166
466 1 7 68 104
467 0 4 34 46
468 5 12 15 36
469 7 13 24 49
470 0 65 109 285
471 5 7 12 440
472 4 13 28 35
473 3 12 98 246
474 0 5 57 111
475 0 3 11 42
476 0 15 99 190
477 1 2 35 118
478 5 97 189 460
479 0 1 7 88
480 0 4 7 220
481 11 65 198 352
482 7 8 15 20
483 3 10 97 155
484 13 19 69 297
485 0 15 185 204
486 2 7 47 65
487 15 130 145 159
488 3 5 7 23
489 1 83 124 305
490 5 265 269 448
491 1 80 137 430
492 3 6 12 65
493 1 42 167 345
494 0 1 4 10
495 1 12 50 398
496 0 1 5 151
497 0 3 17 82
498 3 11 12 35
499 0 4 5 338
