0 1 2 3 4 5 6 7 8 9 10 11 12 13 14 16 18 19 20 21 22 24 26 28 29 32 33 36 38 40 42 44 46 49 52 55 58 59 60 62 63 64 67 71 72 81 82 84 85 87 93 94 96 99 101 103 106 107 109 110 113 116 118 119 121 129 131 134 139 140 142 143 148 150 153 155 158 161 163 164 166 168 171 172 175 178 179 184 188 189 191 194 199 202 207 208 210 215 216 219 221 226 228 229 232 235 248 249 252 260 263 264 272 273 276 278 279 280 283 292 295 300 305 308 309 310 312 316 322 328 333 335 337 344 356 357 364 367 373 380 392 395 396 398 399 400 401 408 413 424 428 430 432 433 437 441 443 444 445 446 447 452 455 456 460 462 466 471 472 473 477 486 490 493 497 498
1 0 2 3 4 5 6 7 8 9 10 11 12 13 15 17 18 21 22 23 27 29 30 32 33 34 37 40 42 45 47 49 52 53 54 55 56 63 68 73 74 78 81 82 89 92 94 95 96 98 110 111 113 115 119 120 122 123 124 130 131 132 137 138 143 144 145 146 148 149 150 152 158 160 162 164 165 175 178 181 183 184 186 189 190 191 192 193 201 202 206 209 213 220 222 224 239 240 241 242 251 252 253 254 258 279 284 286 287 293 294 299 305 307 308 311 317 318 331 335 336 337 341 345 349 351 354 357 358 374 375 384 387 390 397 398 400 402 406 411 416 418 421 422 425 427 428 435 438 439 448 462 463 466 477 480 483 488 489 491 496
2 0 1 3 4 5 6 7 9 10 11 13 14 15 16 17 18 21 22 25 28 33 34 35 37 38 41 48 49 50 51 52 55 61 62 64 65 66 67 70 72 73 74 77 79 82 93 94 100 101 102 103 104 108 109 110 113 121 124 135 138 141 147 148 151 154 156 158 161 163 166 167 175 176 182 185 187 207 208 216 220 221 226 228 237 238 239 241 243 244 249 250 257 260 261 262 268 270 275 276 277 280 287 299 302 309 312 322 323 336 343 344 345 352 353 358 360 370 379 381 387 388 389 397 407 413 418 419 425 428 430 431 436 448 454 459 467 468 469 470 483 494 495 496
3 0 1 2 4 8 10 15 16 17 19 20 23 24 31 37 38 42 43 44 47 53 56 60 68 70 71 75 77 81 82 88 99 114 122 129 132 139 145 153 159 170 171 173 176 182 185 195 196 207 224 226 233 237 242 243 246 247 248 249 253 254 258 260 265 267 270 271 273 275 280 281 298 305 314 317 320 321 339 342 348 360 361 367 368 382 386 391 397 409 430 436 441 447 450 453 454 456 458 460 461 464 467 468 469 474 475 476 480 486 489 490
4 0 1 2 3 5 6 8 12 19 20 21 26 28 34 35 36 39 41 43 45 54 57 61 63 79 86 87 95 97 100 107 109 112 115 116 125 127 128 131 133 135 136 144 153 154 157 174 179 182 185 194 197 198 204 206 214 217 218 225 229 230 243 250 256 259 261 263 269 286 288 289 291 292 293 297 301 303 304 308 311 314 315 319 320 324 326 330 332 333 334 339 340 347 350 354 356 364 366 367 379 380 381 384 395 412 415 420 422 432 442 451 458 459 468 474 475 477 492
5 0 1 2 4 7 9 13 14 15 16 27 28 30 31 32 33 34 36 39 40 45 46 47 50 51 55 56 57 59 67 70 74 78 83 91 101 105 111 120 125 134 140 141 143 145 147 149 150 156 161 163 169 171 173 175 181 188 189 190 193 197 198 202 208 214 216 217 218 220 222 236 240 247 248 249 254 255 267 271 289 296 306 312 313 314 317 318 323 330 334 336 342 343 355 358 367 368 371 372 374 385 391 392 393 395 400 401 404 406 407 421 423 426 437 438 444 454 456 480 481 482 487 489 490 496 497 499
6 0 1 2 4 23 27 29 43 87 235 257 398 411 422 426 452 457
7 0 1 2 5 11 12 24 26 48 61 63 71 87 95 105 106 108 118 169 189 192 245 262 263 287 290 323 330 331 353 355 359 381 383 400 412 414 415 432 442 446 448 472 491
8 0 1 3 4 129 203 333
9 0 1 2 5 30 42 43 48 49 56 64 69 76 81 90 96 100 119 120 124 137 146 149 151 154 157 160 165 168 181 184 214 223 224 240 261 266 274 277 279 282 288 291 294 304 305 316 320 330 341 378 390 410 413 426 441 453 460 461 483
10 0 1 2 3 53 54 299 314 323 452
11 0 1 2 7 14 17 25 66 71 73 89 97 100 104 112 115 142 146 154 208 227 240 244 267 268 270 301 312 313 315 328 331 335 346 352 369 374 378 379 401 407 433 434 449 460 463 464 469 485 495
12 0 1 4 7 44 47 68 75 84 85 88 89 91 93 104 115 117 128 130 141 150 156 173 180 198 202 209 213 215 222 233 257 263 266 274 285 302 307 311 315 322 329 332 339 358 360 362 373 396 401 404 405 410 425 432 445 450 451 462 463 476 485 486 493
13 0 1 2 5 102 395 467
14 0 2 5 11 18 23 24 25 26 30 32 35 41 48 51 52 58 62 65 67 75 76 79 80 83 84 88 94 97 99 103 105 112 114 116 117 121 122 125 128 131 133 137 138 139 148 152 159 160 163 174 176 178 179 180 187 194 199 203 204 209 211 212 219 222 223 229 233 234 246 254 258 259 261 267 268 269 274 275 278 282 283 284 286 301 302 306 309 311 326 329 335 339 340 343 350 365 370 371 376 380 384 386 387 390 391 398 409 414 435 443 457 458 473 489 491 499
15 1 2 3 5 114 200
16 0 2 3 5 72 272
17 1 2 3 11 205 393
18 0 1 2 14 19 20 25 50 65 69 101 111 186 194 199 210 223 255 262 281 306 333 376 415 423 427 439 449
19 0 3 4 18 375 409 412 440 459 484
20 0 3 4 18 22 40 75 78 106 112 144 196 212 221 253 255 275 290 336 350 357 373 394 396 402 427 438 497
21 0 1 2 4 64 66 90 95 122 123 132 142 201 205 225 236 238 260 290 334 355 403 405 424 470 478
22 0 1 2 20 162 181 377
23 1 3 6 14 27 45 113 130 151 214 234 236 269 284 328
24 0 3 7 14 31 78 91 119 143 172 179 187 193 200 228 300 337 362 370 405 410 488 495
25 2 11 14 18 59 61 73 80 145 174 203 238 253 277 304 347 365 416 421 429 465 473 486
26 0 4 7 14 29 76 265 295 349 363 481
27 1 5 6 23 31 35 53 58 109 114 142 147 169 177 193 220 232 288 307 344 355 393 397 440 478 481
28 0 2 4 5 46 60 72 77 86 91 127 152 161 167 174 237 269 294 303 363 370 403 412 485
29 0 1 6 26 44 51 108 125 126 166 210 242 245 346 359 373 404 442 451
30 1 5 9 14 46 57 180 191 192 213 223 295 338 361 386 452
31 3 5 24 27 39 130 224 255 300
32 0 1 5 14 36 80 103 136 191 391 403
33 0 1 2 5 39 57 76 80 98 108 138 139 170 171 183 217 290 293 294 315 346 389 403 415 416 418 437 484
34 1 2 4 5 68 90 110 151 156 204 215 226 231 351 388 404
35 2 4 14 27 117 201
36 0 4 5 32 37 38 77 92 106 137 140 177 241 362 372 382 468
37 1 2 3 36 93 434
38 0 2 3 36
39 4 5 31 33 41 54 79 83 84 126 140 196 207 238 244 262 289 310 327 347 350 408 476
40 0 1 5 20 50 159 200 232 329 337 407 462
41 2 4 14 39
42 0 1 3 9 104 134 279 297
43 3 4 6 9
44 0 3 12 29 99
45 1 4 5 23 60 65 85 134 166 195 199 344 362
46 0 5 28 30 135
47 1 3 5 12 320 375
48 2 7 9 14
49 0 1 2 9 69 83 96 118 123 157 183 211 231 247 345 430 470
50 2 5 18 40 498
51 2 5 14 29
52 0 1 2 14
53 1 3 10 27 455
54 1 4 10 39 59 69 70 117 136 155 165 168 178 192 195 206 216 235 243 256 259 298 332 348 371 386 410 453 477 487 491
55 0 1 2 5 66 90 102 105 107 116 123 133 162 167 180 201 218 219 227 252 298 321 325 328 338 369 372 422 446 447 471 494
56 1 3 5 9 58 85 86 92 152 187 259 276 325 342 366 383 413 463
57 4 5 30 33 62 98 127 302 377 449
58 0 14 27 56 107 247 348 357
59 0 5 25 54
60 0 3 28 45 132 162 227 281 372
61 2 4 7 25 127 158 280 282 291 313 321 365 379 419 443 453 457 461 479
62 0 2 14 57 325 417
63 0 1 4 7 111 169 245 304 353 424 429
64 0 2 9 21 128 167 198 203 283 318 321
65 2 14 18 45 89 326 417
66 2 11 21 55 124 129 284 285 301 390 402 408 409 439 458
67 0 2 5 14
68 1 3 12 34 168 316 322 369 384 406 465
69 9 18 49 54 74 234 446
70 2 3 5 54 92 155 157 211 212 389
71 0 3 7 11 86 98 399
72 0 2 16 28 291
73 1 2 11 25 303
74 1 2 5 69 364 490
75 3 12 14 20 392 417
76 9 14 26 33 177 231 371 433
77 2 3 28 36 88 97 230 235 236 250 251
78 1 5 20 24
79 2 4 14 39 126 146 205 230 270 292 303 310 376 394 424 431 440 456 479
80 14 25 32 33 374 420
81 0 1 3 9 378 388 481
82 0 1 2 3 200 205 242 427 435
83 5 14 39 49
84 0 12 14 39 221 435 449 499
85 0 12 45 56 442
86 4 28 56 71
87 0 4 6 7 172 363
88 3 12 14 77 102 153 190
89 1 11 12 65 246 266 307 380
90 9 21 34 55 488
91 5 12 24 28 324 478
92 1 36 56 70 206 393
93 0 2 12 37 213 250 251 295 392 429 437 482
94 0 1 2 14 327 356
95 1 4 7 21 126 188 492
96 0 1 9 49 411
97 4 11 14 77
98 1 33 57 71 338
99 0 3 14 44 465
100 2 4 9 11
101 0 2 5 18 177 266
102 2 13 55 88 121 159 218 265 278 352 376 443
103 0 2 14 32
104 2 11 12 42 155 164 170 234 268 497
105 5 7 14 55 225 438
106 0 7 20 36 184
107 0 4 55 58
108 2 7 29 33 120 217
109 0 2 4 27 135 149 170 231 332 471
110 0 1 2 34 313
111 1 5 18 63 118 136 190 196 197 296 445 479
112 4 11 14 20 147 183 245 329 383 394 405
113 0 1 2 23
114 3 14 15 27 246 296 359 448
115 1 4 11 12 399
116 0 4 14 55 423
117 12 14 35 54 445
118 0 7 49 111 164 176 228 256 308 327 353 356 472 494
119 0 1 9 24
120 1 5 9 108
121 0 2 14 102 210 340 411
122 1 3 14 21 133 264 277 385
123 1 21 49 55
124 1 2 9 66
125 4 5 14 29 195 271 368
126 29 39 79 95 144 233 287 377 419 451 457 467 483 495
127 4 28 57 61
128 4 12 14 64 141 272
129 0 3 8 66 288 346 425
130 1 12 23 31
131 0 1 4 14
132 1 3 21 60 227 341
133 4 14 55 122 237
134 0 5 42 45 450
135 2 4 46 109 482
136 4 32 54 111
137 1 9 14 36
138 1 2 14 33 366
139 0 3 14 33 282 285 327
140 0 5 36 39 474
141 2 5 12 128 186 197 219 225
142 0 11 21 27 351
143 0 1 5 24 286 343 414
144 1 4 20 126
145 1 3 5 25 361
146 1 9 11 79
147 2 5 27 112 173 186 239 252 387 480
148 0 1 2 14
149 1 5 9 109 325
150 0 1 5 12 493
151 2 9 23 34 406 465
152 1 14 28 56 165 239 317
153 0 3 4 88
154 2 4 9 11 230
155 0 54 70 104 265 298 309 324
156 2 5 12 34 257 341
157 4 9 49 70 160 215 342 365
158 0 1 2 61 182 444 454
159 3 14 40 102
160 1 9 14 157 474
161 0 2 5 28 229 258 471
162 1 22 55 60
163 0 2 5 14 185 212 310 420 447 479
164 0 1 104 118 429 466 484
165 1 9 54 152
166 0 2 29 45 172 285 359
167 2 28 55 64
168 0 9 54 68 283 475
169 5 7 27 63
170 3 33 104 109
171 0 3 5 33 426
172 0 24 87 166
173 3 5 12 147
174 4 14 25 28 211 289 297 319 347 421 431
175 0 1 2 5
176 2 3 14 118
177 27 36 76 101 300
178 0 1 14 54 296
179 0 4 14 24 272
180 12 14 30 55
181 1 5 9 22 209 271
182 2 3 4 158
183 1 33 49 112
184 0 1 9 106 377
185 2 3 4 163 366 385
186 1 18 141 147
187 2 14 24 56 188 381
188 0 5 95 187 232 292 316
189 0 1 5 7
190 1 5 88 111
191 0 1 30 32 299 326 382 439
192 1 7 30 54 204 276 351
193 1 5 24 27
194 0 4 14 18 396
195 3 45 54 125 264
196 3 20 39 111 340 498
197 4 5 111 141
198 4 5 12 64 419
199 0 14 18 45 278
200 15 24 40 82 251
201 1 21 35 55
202 0 1 5 12
203 8 14 25 64
204 4 14 34 192
205 17 21 79 82 324 349 487 494
206 1 4 54 92
207 0 2 3 39 244 434
208 0 2 5 11
209 1 12 14 181 433
210 0 18 29 121
211 14 49 70 174
212 14 20 70 163
213 1 12 30 93
214 4 5 9 23 264 352
215 0 12 34 157
216 0 2 5 54
217 4 5 33 108 440
218 4 5 55 102 331
219 0 14 55 141
220 1 2 5 27
221 0 2 20 84 414
222 1 5 12 14 478
223 9 14 18 30 306
224 1 3 9 31
225 4 21 105 141 375
226 0 2 3 34
227 11 55 60 132
228 0 2 24 118 354
229 0 4 14 161 476
230 4 77 79 154
231 34 49 76 109
232 0 27 40 188 273 383
233 3 12 14 126 248
234 14 23 69 104
235 0 6 54 77
236 5 21 23 77
237 2 3 28 133 319
238 2 21 25 39 241 273 349 455
239 1 2 147 152 318
240 1 5 9 11 461 464
241 1 2 36 238 498
242 1 3 29 82
243 2 3 4 54 493
244 2 11 39 207 363 389
245 7 29 63 112 274
246 3 14 89 114 256 431
247 3 5 49 58
248 0 3 5 233
249 0 2 3 5
250 2 4 77 93 281 368
251 1 77 93 200
252 0 1 55 147
253 1 3 20 25 388
254 1 3 5 14
255 5 18 20 31
256 4 54 118 246
257 2 6 12 156
258 1 3 14 161
259 4 14 54 56
260 0 2 3 21
261 2 4 9 14
262 2 7 18 39
263 0 4 7 12
264 0 122 195 214 293 470
265 3 26 102 155
266 9 12 89 101
267 3 5 11 14
268 2 11 14 104 348 360 416 472
269 4 14 23 28 434
270 2 3 11 79
271 3 5 125 181
272 0 16 128 179 408
273 0 3 232 238
274 9 12 14 245
275 2 3 14 20
276 0 2 56 192
277 2 9 25 122
278 0 14 102 199
279 0 1 9 42
280 0 2 3 61
281 3 18 60 250
282 9 14 61 139 334 485
283 0 14 64 168
284 1 14 23 66
285 12 66 139 166
286 1 4 14 143
287 1 2 7 126
288 4 9 27 129 297
289 4 5 39 174
290 7 20 21 33 496
291 4 9 61 72
292 0 4 79 188
293 1 4 33 264 382
294 1 9 28 33
295 0 26 30 93
296 5 111 114 178
297 4 42 174 288 338
298 3 54 55 155
299 1 2 10 191
300 0 24 31 177
301 4 11 14 66 418
302 2 12 14 57
303 4 28 73 79 394
304 4 9 25 63
305 0 1 3 9
306 5 14 18 223
307 1 12 27 89 369
308 0 1 4 118
309 0 2 14 155
310 0 39 79 163
311 1 4 12 14 487
312 0 2 5 11 378 466
313 5 11 61 110
314 3 4 5 10
315 4 11 12 33 319
316 0 9 68 188
317 1 3 5 152
318 1 5 64 239
319 4 174 237 315 354
320 3 4 9 47
321 3 55 61 64
322 0 2 12 68 345
323 2 5 7 10
324 4 91 155 205
325 55 56 62 149
326 4 14 65 191
327 39 94 118 139 444
328 0 11 23 55
329 12 14 40 112 473
330 4 5 7 9 450 475
331 1 7 11 218
332 4 12 54 109
333 0 4 8 18 361 385
334 4 5 21 282
335 0 1 11 14
336 1 2 5 20
337 0 1 24 40
338 30 55 98 297 417
339 3 4 12 14
340 4 14 121 196
341 1 9 132 156
342 3 5 56 157
343 2 5 14 143
344 0 2 27 45
345 1 2 49 322 492
346 11 29 33 129 428
347 4 25 39 174
348 3 54 58 268
349 1 26 205 238 364
350 4 14 20 39
351 1 34 142 192
352 2 11 102 214
353 2 7 63 118
354 1 4 228 319
355 5 7 21 27
356 0 4 94 118
357 0 1 20 58
358 1 2 5 12
359 7 29 114 166
360 2 3 12 268 499
361 3 30 145 333
362 12 24 36 45 423
363 26 28 87 244 399
364 0 4 74 349
365 14 25 61 157 436
366 4 56 138 185
367 0 3 4 5
368 3 5 125 250
369 11 55 68 307
370 2 14 24 28
371 5 14 54 76 492
372 5 36 55 60
373 0 12 20 29 464
374 1 5 11 80
375 1 19 47 225
376 14 18 79 102
377 22 57 126 184
378 9 11 81 312
379 2 4 11 61
380 0 4 14 89
381 2 4 7 187
382 3 36 191 293
383 7 56 112 232
384 1 4 14 68
385 5 122 185 333
386 3 14 30 54
387 1 2 14 147
388 2 34 81 253
389 2 33 70 244
390 1 9 14 66
391 3 5 14 32 402 441
392 0 5 75 93
393 5 17 27 92
394 20 79 112 303
395 0 4 5 13
396 0 12 20 194
397 1 2 3 27
398 0 1 6 14
399 0 71 115 363
400 0 1 5 7
401 0 5 11 12
402 1 20 66 391
403 21 28 32 33
404 5 12 29 34
405 12 21 24 112
406 1 5 68 151
407 2 5 11 40
408 0 39 66 272 420 436 459
409 3 14 19 66
410 9 12 24 54
411 1 6 96 121
412 4 7 19 28
413 0 2 9 56
414 7 14 143 221
415 4 7 18 33 455
416 1 25 33 268
417 62 65 75 338
418 1 2 33 301
419 2 61 126 198
420 4 80 163 408
421 1 5 25 174
422 1 4 6 55
423 5 18 116 362
424 0 21 63 79
425 1 2 12 129
426 5 6 9 171
427 1 18 20 82
428 0 1 2 346
429 25 63 93 164
430 0 2 3 49
431 2 79 174 246
432 0 4 7 12
433 0 11 76 209
434 11 37 207 269
435 1 14 82 84
436 2 3 365 408
437 0 5 33 93
438 1 5 20 105
439 1 18 66 191
440 19 27 79 217
441 0 3 9 391
442 4 7 29 85
443 0 14 61 102
444 0 5 158 327
445 0 12 111 117
446 0 7 55 69 482
447 0 3 55 163 469
448 1 2 7 114
449 11 18 57 84
450 3 12 134 330
451 4 12 29 126
452 0 6 10 30
453 3 9 54 61
454 2 3 5 158
455 0 53 238 415
456 0 3 5 79
457 6 14 61 126
458 3 4 14 66
459 2 4 19 408
460 0 3 9 11
461 3 9 61 240
462 0 1 12 40
463 1 11 12 56
464 3 11 240 373
465 25 68 99 151
466 0 1 164 312
467 2 3 13 126 488
468 2 3 4 36
469 2 3 11 447 484
470 2 21 49 264
471 0 55 109 161
472 0 7 118 268
473 0 14 25 329
474 3 4 140 160
475 3 4 168 330
476 3 12 39 229
477 0 1 4 54
478 21 27 91 222
479 61 79 111 163
480 1 3 5 147
481 5 26 27 81
482 5 93 135 446
483 1 2 9 126
484 19 33 164 469
485 11 12 28 282
486 0 3 12 25
487 5 54 205 311
488 1 24 90 467
489 1 3 5 14
490 0 3 5 74
491 1 7 14 54
492 4 95 345 371
493 0 12 150 243
494 2 55 118 205
495 2 11 24 126
496 1 2 5 290
497 0 5 20 104
498 0 50 196 241
499 5 14 84 360
