0 1 2 3 4 5 6 7 8 9 10 11 13 18 19 20 22 23 24 26 27 31 34 35 36 37 40 41 42 43 44 46 47 48 50 53 54 55 58 60 63 64 67 71 72 73 75 77 78 79 80 84 88 104 105 110 111 113 115 122 123 125 126 128 130 132 142 145 146 147 149 152 157 158 161 166 168 170 172 173 174 176 178 187 189 190 191 192 195 198 199 204 208 212 216 224 225 226 227 229 230 234 237 238 242 251 252 253 255 257 265 267 268 271 274 276 282 288 292 294 297 299 306 309 310 316 321 324 332 333 334 336 338 342 346 347 348 351 366 367 376 377 380 381 383 388 389 390 391 393 394 396 398 404 406 408 410 415 418 422 426 432 444 448 451 452 462 464 468 469 470 471 479 484 485 489 491 493 495 498
1 0 2 3 4 5 6 7 8 9 10 11 12 13 15 16 25 27 28 30 33 34 38 39 40 42 43 45 48 49 51 57 60 69 72 74 75 76 77 78 81 83 86 90 97 99 102 103 108 109 112 115 116 117 118 126 129 131 132 133 134 141 144 145 146 148 159 161 163 165 167 171 172 175 176 177 180 184 190 193 195 196 199 200 205 210 212 216 219 223 228 230 232 235 238 241 243 245 251 276 279 290 292 295 296 300 304 307 308 312 315 316 317 318 320 322 323 325 328 334 338 346 358 359 360 364 366 368 371 372 379 384 385 387 391 392 395 400 401 403 407 417 418 419 429 437 443 446 450 453 462 465 466 468 478 482 490 491 494 496 497
2 0 1 3 4 5 6 7 9 10 11 12 13 14 16 17 18 19 20 22 23 24 26 28 29 30 31 33 35 36 37 40 43 47 49 51 53 54 56 58 59 63 64 69 70 74 76 79 83 85 90 91 92 94 95 97 100 101 103 104 108 109 112 118 119 121 123 125 126 127 128 129 130 132 134 135 137 141 149 151 158 160 162 163 165 171 173 178 183 187 188 189 193 194 196 197 198 203 204 205 211 215 218 225 228 230 231 232 233 237 240 244 252 261 263 269 270 273 274 279 280 285 287 288 298 300 302 304 309 310 317 318 320 324 327 328 329 337 345 346 350 354 356 359 363 366 369 375 390 393 396 401 402 408 411 415 420 421 424 429 430 433 434 436 439 444 448 453 457 459 460 461 470 473 474 479 485 486 490 494 496 498
3 0 1 2 4 5 6 7 8 9 11 12 14 15 17 20 21 23 25 27 29 32 37 38 39 40 41 43 45 47 50 55 56 58 61 62 63 65 67 68 69 73 76 77 79 80 82 90 91 93 95 97 98 100 102 106 111 120 121 122 123 125 133 135 136 138 143 145 146 147 148 149 150 155 157 159 162 168 169 175 177 182 183 186 188 192 194 197 201 204 207 208 213 214 216 217 220 221 222 226 230 239 240 246 249 250 253 254 258 266 272 275 284 287 297 298 299 301 302 308 309 311 312 313 314 315 317 321 327 330 331 349 360 368 369 374 376 381 383 384 386 392 393 395 406 409 414 415 421 423 426 430 442 443 447 450 451 452 455 459 467 475 478 480 484 488 494
4 0 1 2 3 10 12 14 19 29 51 52 56 61 62 73 75 83 93 100 115 125 126 127 129 133 137 139 148 151 153 156 162 181 184 186 209 212 218 223 228 245 247 257 268 270 278 291 294 325 326 330 332 333 340 381 402 405 435 441 443 450 452 456 461 471 472 473 474 475 478
5 0 1 2 3 15 32 33 36 37 44 59 63 66 68 73 86 98 104 106 113 114 124 127 129 140 147 149 152 154 155 159 161 200 208 214 224 251 262 289 294 328 329 340 349 351 355 358 366 373 377 380 386 399 401 424 430 434 436 449 459 488
6 0 1 2 3 93 135 154 355 392 400 412
7 0 1 2 3 8 16 29 31 32 114 122 158 164 178 255 280 284 295 311 334 336 370 377 379 383 388 411 425 458 471 483 498
8 0 1 3 7 66 74 92 98 244 304 354
9 0 1 2 3 16 24 25 49 52 82 123 138 159 166 182 250 254 277 338 356 357 373 381 413 427 449 481
10 0 1 2 4 13 14 15 17 18 21 26 38 47 59 65 69 76 79 81 84 88 91 92 96 101 117 121 139 157 160 166 170 180 185 186 189 191 211 231 232 236 237 247 253 262 265 267 296 299 301 306 311 313 314 319 320 322 327 336 339 340 357 362 369 377 386 387 395 397 405 409 410 414 416 423 426 434 463 486 489 496
11 0 1 2 3 22 26 27 39 48 66 94 102 128 134 153 192 259 281 361 438 440 448
12 1 2 3 4 18 19 23 34 36 94 109 131 144 169 172 248 252 259 276 288 347 424 451
13 0 1 2 10 30 41 44 46 78 105 107 111 136 143 163 179 182 222 270 290 339 393 407 413 414 419 425 439 441 445 454 458 464
14 2 3 4 10 20 22 24 52 62 65 87 97 108 119 124 128 131 137 143 163 174 199 211 233 277 302 323 331 344 384 435 485 486
15 1 3 5 10 17 50 116 181 194 222 256 321 332 355 398
16 1 2 7 9 21 28 55 71 107 214 229 232 243 288 296 301 305 344 370 385
17 2 3 10 15 44 45 233 235 264 266 307 391
18 0 2 10 12 31 35 55 61 171 172 239 316 353 354 362 378 408 456 491
19 0 2 4 12 35 57 87 115 191 234 271 307 369 394 420
20 0 2 3 14 21 33 54 99 114 116 119 153 194 202 217 281 301 315 341 351 374 448 449 484
21 3 10 16 20 28 32 42 70 89 112 118 131 170 193 206 233 235 261 274 285 289 303 310 325 343 365 398 406 437 440 473 477
22 0 2 11 14 25 34 84 96 260 269 283
23 0 2 3 12 60
24 0 2 9 14 30 49 53 54 56 57 62 67 72 77 80 83 84 101 103 105 109 110 140 141 165 177 186 202 205 210 213 219 225 227 235 240 241 252 255 263 264 266 273 275 278 282 298 305 343 349 350 352 354 356 361 370 376 383 384 394 400 412 413 427 449 457 460 463 467 483 488 492
25 1 3 9 22 38 46 80 110 156 223 244 247 331 342 355 365 374 378 477 480 482
26 0 2 10 11 466
27 0 1 3 11 46 174
28 1 2 16 21 51 70 85 258 349 399 452 480 489
29 2 3 4 7 39 41 52 57 59 60 75 130 142 145 164 187 196 197 241 246 265 300 324 328 363 387 395 439 467 468 480 499
30 1 2 13 24 64 130 238 267 296 352 356 428 447
31 0 2 7 18 250
32 3 5 7 21 162
33 1 2 5 20 117 124 132 192 221 241 258 323 342 409
34 0 1 12 22 67 196 200 236 272 482
35 0 2 18 19 100 106 117 120 138 276 286 312 435 454
36 0 2 5 12 45 65 82 95 96 108 137 143 156 184 188 198 287 290 407 416 459 479
37 0 2 3 5 58 85 94 111 112 144 158 161 173 176 183 207 217 248 313 329 396 418 431
38 1 3 10 25 42 66 246 318 319 343 357 371 378 388 435 437 464
39 1 3 11 29 114 166 190 266 325 331 386 483
40 0 1 2 3
41 0 3 13 29 270 373
42 0 1 21 38 50 61 85 151 200 223 264 282 316 351 380 397 445
43 0 1 2 3 195 218 245 274 336 337
44 0 5 13 17 140
45 1 3 17 36 70 71 92 179 249 263 286 303 462
46 0 13 25 27 242
47 0 2 3 10 48 64 68 82 89 90 93 99 105 113 135 142 160 170 183 184 213 224 229 264 265 275 306 330 332 335 346 353 372 402 424 432 441 463
48 0 1 11 47
49 1 2 9 24 53 72 120 139 142 173 188 210 239 256 277 293 305 326 382 419 464 467 472
50 0 3 15 42 107 167 190 227 271 322 350 445 455
51 1 2 4 28 465
52 4 9 14 29 86 96 103 197 203 240 291 432 472 493
53 0 2 24 49 71 81 88 167 179 187 221 327 358 371
54 0 2 20 24 68 81 98 136 147 177 181 198 203 209 236 262 268 294 357 420 446 451
55 0 3 16 18 88 165
56 2 3 4 24 89 246 326 362 389
57 1 19 24 29 91 102 215 284 302 315 390 394 427 475 487
58 0 2 3 37 494
59 2 5 10 29 313 417
60 0 1 23 29 249 293 485
61 3 4 18 42 171 182 334 348 404 474
62 3 4 14 24 74 87 95 120 150 153 185 201 210 280 283 323 389 470
63 0 2 3 5 220
64 0 2 30 47 78 99
65 3 10 14 36
66 5 8 11 38 231 468
67 0 3 24 34 392 409
68 3 5 47 54 107 151 168 238 298 335 484
69 1 2 3 10 104 122 164 202 216 297 339 348 407 470
70 2 21 28 45 138 221 259 292 326 479
71 0 16 45 53 119 219 251 365
72 0 1 24 49 206 307 311 421
73 0 3 4 5 152 215
74 1 2 8 62
75 0 1 4 29
76 1 2 3 10 206 282 460
77 0 1 3 24 189 481
78 0 1 13 64 199 220
79 0 2 3 10
80 0 3 24 25 110 133 169 281 488
81 1 10 53 54 86
82 3 9 36 47 185 195 236 254 362 372 391 466
83 1 2 4 24 113 150 260 411
84 0 10 22 24 87 89 106 201 219 234
85 2 28 37 42 285 289 310 342 347 434 457
86 1 5 52 81 256 273
87 14 19 62 84
88 0 10 53 55
89 21 47 56 84 206 217 228 259 295 335 396 397 412 439
90 1 2 3 47
91 2 3 10 57
92 2 8 10 45
93 3 4 6 47 116 140 314 320 491
94 2 11 12 37
95 2 3 36 62 146 164 423
96 10 22 36 52 101 124 201 273 461
97 1 2 3 14 227 271 341
98 3 5 8 54 211 475 482
99 1 20 47 64
100 2 3 4 35
101 2 10 24 96 382 495
102 1 3 11 57 148 237
103 1 2 24 52 499
104 0 2 5 69 118 207 345 481
105 0 13 24 47 134 157 180 209 416 453 481
106 3 5 35 84
107 13 16 50 68 222 248 260 279 363 370
108 1 2 14 36 121 139 253 380 490
109 1 2 12 24 136 150 154 156 242 322 388 404 438
110 0 24 25 80
111 0 3 13 37 144
112 1 2 21 37 341 353
113 0 5 47 83 497
114 5 7 20 39 269
115 0 1 4 19 242 263 289 371 465
116 1 15 20 93 155 160 245 290 295 312 442 454
117 1 10 33 35 319 335 387
118 1 2 21 104
119 2 14 20 71 141 261 284 358 361
120 3 35 49 62
121 2 3 10 108
122 0 3 7 69
123 0 2 3 9 152 207 473
124 5 14 33 96 154 175
125 0 2 3 4 127 244 405
126 0 1 2 4 430
127 2 4 5 125
128 0 2 11 14 168
129 1 2 4 5
130 0 2 29 30
131 1 12 14 21
132 0 1 2 33
133 1 3 4 80 248 297 353 463
134 1 2 11 105
135 2 3 6 47 291 360 469
136 3 13 54 109 272 329 382 436
137 2 4 14 36
138 3 9 35 70 343 375 438
139 4 10 49 108 169 286
140 5 24 44 93 175
141 1 2 24 119
142 0 29 47 49 155 185 347 403 425
143 3 13 14 36
144 1 12 37 111
145 0 1 3 29 375
146 0 1 3 95 324
147 0 3 5 54 178
148 1 3 4 102
149 0 2 3 5 214 257 442
150 3 62 83 109 278
151 2 4 42 68 176 254 262 281 304 337 431 490 498
152 0 5 73 123
153 4 11 20 62 458
154 5 6 109 124 379 495 496
155 3 5 116 142 167 179 226 243 414 420
156 4 25 36 109
157 0 3 10 105
158 0 2 7 37 174 234
159 1 3 5 9 226 239 275 345 466
160 2 10 47 116
161 0 1 5 37 202 203 247 305 333 427 431 458 469
162 2 3 4 32
163 1 2 13 14 191 193 205 403 432
164 7 29 69 95 181 367
165 1 2 24 55 443
166 0 9 10 39 300 341 422
167 1 50 53 155
168 0 3 68 128 180 410 476
169 3 12 80 139 352 368
170 0 10 21 47 218 402 429
171 1 2 18 61
172 0 1 12 18 337
173 0 2 37 49 220 261 286 440
174 0 14 27 158
175 1 3 124 140 213
176 0 1 37 151 382 399
177 1 3 24 54 212 215 306 309
178 0 2 7 147
179 13 45 53 155
180 1 10 105 168
181 4 15 54 164
182 3 9 13 61 225
183 2 3 37 47 208 462
184 1 4 36 47
185 10 62 82 142 224 293
186 3 4 10 24 204 293 385 429 456
187 0 2 29 53
188 2 3 36 49
189 0 2 10 77 416
190 0 1 39 50 454
191 0 10 19 163 360 419 493
192 0 3 11 33
193 1 2 21 163 268 444 461
194 2 3 15 20
195 0 1 43 82 404
196 1 2 29 34
197 2 3 29 52 229 269
198 0 2 36 54
199 0 1 14 78
200 1 5 34 42 257
201 3 62 84 96 258
202 20 24 69 161 474
203 2 52 54 161 209 255
204 0 2 3 186 292 303 440
205 1 2 24 163 455
206 21 72 76 89 256
207 3 37 104 123 267 372 476
208 0 3 5 183
209 4 54 105 203
210 1 24 49 62 303 344 476 478 483
211 2 10 14 98
212 0 1 4 177
213 3 24 47 175
214 3 5 16 149 231 340
215 2 57 73 177 243 287
216 0 1 3 69 277 308
217 3 20 37 89 278
218 2 4 43 170
219 1 24 71 84 260
220 3 63 78 173 250 283 493
221 3 33 53 70
222 3 13 15 107
223 1 4 25 42
224 0 5 47 185
225 0 2 24 182 445
226 0 3 155 159 348
227 0 24 50 97
228 1 2 4 89 344
229 0 16 47 197
230 0 1 2 3 455
231 2 10 66 214
232 1 2 10 16 279
233 2 14 17 21 433
234 0 19 84 158
235 1 17 21 24
236 10 34 54 82
237 0 2 10 102 280 319 339 364 390 428 442 457
238 0 1 30 68
239 3 18 49 159 249 361
240 2 3 24 52 487
241 1 24 29 33 272
242 0 46 109 115
243 1 16 155 215
244 2 8 25 125 308 314 374
245 1 4 43 116
246 3 29 38 56 359 437
247 4 10 25 161
248 12 37 107 133
249 3 45 60 239
250 3 9 31 220
251 0 1 5 71 499
252 0 2 12 24
253 0 3 10 108
254 3 9 82 151 333 367
255 0 7 24 203 299 318 345
256 15 49 86 206
257 0 4 149 200
258 3 28 33 201 422 465
259 11 12 70 89 378
260 22 83 107 219
261 2 21 119 173 426 428
262 5 10 54 151
263 2 24 45 115
264 17 24 42 47
265 0 10 29 47
266 3 17 24 39 317 367
267 0 10 30 207
268 0 4 54 193 285 291 350 418 450
269 2 22 114 197 368
270 2 4 13 41
271 0 19 50 97
272 3 34 136 241
273 2 24 86 96 283 321 411 487 489 497
274 0 2 21 43
275 3 24 47 159
276 0 1 12 35
277 9 14 49 216 446
278 4 24 150 217 389
279 1 2 107 232
280 2 7 62 237
281 11 20 80 151 379 417
282 0 24 42 76 352 375
283 22 62 220 273
284 3 7 57 119
285 2 21 85 268 363 364 376 436
286 35 45 139 173
287 2 3 36 215
288 0 2 12 16
289 5 21 85 115
290 1 13 36 116
291 4 52 135 268
292 0 1 70 204
293 49 60 185 186
294 0 4 5 54 413
295 1 7 89 116
296 1 10 16 30
297 0 3 69 133 441
298 2 3 24 68
299 0 3 10 255
300 1 2 29 166
301 3 10 16 20
302 2 3 14 57 330 447
303 21 45 204 210
304 1 2 8 151
305 16 24 49 161 408
306 0 10 47 177 405
307 1 17 19 72
308 1 3 216 244 428
309 0 2 3 177
310 0 2 21 85 364
311 3 7 10 72 398 401
312 1 3 35 116
313 3 10 37 59
314 3 10 93 244
315 1 3 20 57
316 0 1 18 42
317 1 2 3 266 453
318 1 2 38 255 422
319 10 38 117 237 472
320 1 2 10 93
321 0 3 15 273
322 1 10 50 109
323 1 14 33 62 477
324 0 2 29 146 338 385
325 1 4 21 39 433 447
326 4 49 56 70
327 2 3 10 53
328 1 2 5 29 446
329 2 5 37 136
330 3 4 47 302 403
331 3 14 25 39
332 0 4 15 47
333 0 4 161 254 373 400
334 0 1 7 61
335 47 68 89 117 410 492
336 0 7 10 43
337 2 43 151 172 412
338 0 1 9 324 471
339 10 13 69 237
340 4 5 10 214
341 20 97 112 166
342 0 25 33 85
343 21 24 38 138 365 406
344 14 16 210 228
345 2 104 159 255
346 0 1 2 47
347 0 12 85 142
348 0 61 69 226
349 3 5 24 28 415 431
350 2 24 50 268
351 0 5 20 42 492
352 24 30 169 282
353 18 47 112 133
354 2 8 18 24 359 456
355 5 6 15 25
356 2 9 24 30 438
357 9 10 38 54 423
358 1 5 53 119 476
359 1 2 246 354
360 1 3 135 191 417
361 11 24 119 239 399
362 10 18 56 82
363 2 29 107 285
364 1 237 285 310
365 21 25 71 343
366 0 1 2 5
367 0 164 254 266
368 1 3 169 269
369 2 3 10 19
370 7 16 24 107 397 425 460
371 1 38 53 115
372 1 47 82 207
373 5 9 41 333
374 3 20 25 244
375 2 138 145 282
376 0 3 24 285
377 0 5 7 10
378 18 25 38 259
379 1 7 154 281
380 0 5 42 108
381 0 3 4 9
382 49 101 136 176
383 0 3 7 24
384 1 3 14 24
385 1 16 186 324 421
386 3 5 10 39
387 1 10 29 117
388 0 7 38 109
389 0 56 62 278
390 0 2 57 237
391 0 1 17 82 444
392 1 3 6 67
393 0 2 3 13
394 0 19 24 57 477
395 1 3 10 29
396 0 2 37 89 469 486
397 10 42 89 370
398 0 15 21 311
399 5 28 176 361
400 1 6 24 333
401 1 2 5 311
402 2 4 47 170
403 1 142 163 330
404 0 61 109 195
405 4 10 125 306
406 0 3 21 343
407 1 13 36 69
408 0 2 18 305
409 3 10 33 67
410 0 10 168 335
411 2 7 83 273
412 6 24 89 337
413 9 13 24 294
414 3 10 13 155
415 0 2 3 349
416 10 36 105 189
417 1 59 281 360
418 0 1 37 268
419 1 13 49 191
420 2 19 54 155
421 2 3 72 385
422 0 166 258 318
423 3 10 95 357
424 2 5 12 47
425 7 13 142 370
426 0 3 10 261
427 9 24 57 161
428 30 237 261 308
429 1 2 170 186
430 2 3 5 126
431 37 151 161 349 433 487 499
432 0 47 52 163
433 2 233 325 431
434 2 5 10 85
435 4 14 35 38
436 2 5 136 285
437 1 21 38 246
438 11 109 138 356
439 2 13 29 89
440 11 21 173 204
441 4 13 47 297
442 3 116 149 237
443 1 3 4 165
444 0 2 193 391
445 13 42 50 225
446 1 54 277 328
447 3 30 302 325
448 0 2 11 20 495
449 5 9 20 24
450 1 3 4 268
451 0 3 12 54
452 0 3 4 28
453 1 2 105 317
454 13 35 116 190
455 3 50 205 230
456 4 18 186 354 497
457 2 24 85 237
458 7 13 153 161
459 2 3 5 36
460 2 24 76 370
461 2 4 96 193
462 0 1 45 183
463 10 24 47 133
464 0 13 38 49
465 1 51 115 258
466 1 26 82 159
467 3 24 29 49 492
468 0 1 29 66
469 0 135 161 396
470 0 2 62 69
471 0 4 7 338
472 4 49 52 319
473 2 4 21 123
474 2 4 61 202
475 3 4 57 98
476 168 207 210 358
477 21 25 323 394
478 1 3 4 210
479 0 2 36 70
480 3 25 28 29
481 9 77 104 105
482 1 25 34 98
483 7 24 39 210
484 0 3 20 68
485 0 2 14 60
486 2 10 14 396
487 57 240 273 431
488 3 5 24 80
489 0 10 28 273
490 1 2 108 151
491 0 1 18 93
492 24 335 351 467
493 0 52 191 220
494 1 2 3 58
495 0 101 154 448
496 1 2 10 154
497 1 113 273 456
498 0 2 7 151
499 29 103 251 431
