0 1 2 3 4 5 6 7 8 9 10 11 12 13 15 16 17 18 19 22 23 24 26 29 30 31 32 33 34 36 37 39 40 42 45 47 49 52 53 54 55 56 57 58 59 62 63 65 66 67 68 69 71 75 77 78 79 80 82 83 87 89 91 94 96 103 115 119 121 122 124 126 129 132 133 135 140 142 143 145 152 155 157 159 161 163 168 171 172 180 190 194 195 201 204 208 211 213 215 218 219 220 222 224 225 227 230 237 247 250 252 256 258 262 264 267 269 270 271 275 280 282 283 297 301 302 306 307 308 309 310 313 324 326 328 331 332 333 334 335 336 340 345 352 363 369 370 372 377 379 384 392 393 397 401 403 404 405 407 408 414 423 427 435 436 440 444 449 453 456 462 471 473 476 479 485 486 489 498
1 0 2 3 4 5 6 7 8 9 10 12 13 14 15 16 18 19 20 21 23 24 28 33 34 41 43 44 45 46 47 51 52 53 54 67 70 71 75 78 81 84 90 95 96 101 102 103 106 108 112 113 115 118 119 122 127 129 130 131 135 137 138 139 146 147 148 150 153 154 156 158 164 167 168 169 177 181 182 189 192 193 194 197 199 212 213 215 217 218 221 222 227 228 231 237 238 241 243 245 247 250 251 253 259 260 265 274 276 277 278 280 282 285 292 294 296 301 302 303 304 307 312 316 318 328 339 340 341 343 344 348 350 356 361 369 374 382 385 387 390 397 403 406 407 411 415 418 427 428 429 435 436 441 451 452 454 455 456 465 467 468 475 479 481 483 487 490
2 0 1 3 4 5 6 7 8 9 10 11 12 13 14 15 19 20 21 22 26 29 31 32 33 34 35 37 38 42 43 44 46 47 48 50 52 55 56 60 61 62 63 64 65 66 67 68 71 73 74 80 82 83 84 85 86 89 90 91 92 93 96 97 98 99 100 101 103 106 107 114 117 118 119 121 127 133 134 136 137 138 141 143 151 153 155 158 162 168 171 173 174 175 176 181 185 189 192 195 197 202 204 206 208 212 214 217 221 231 232 235 240 247 248 254 260 264 265 266 268 272 278 285 288 290 291 293 295 297 304 314 315 316 319 320 322 324 337 341 345 346 347 349 355 356 364 370 371 373 375 377 384 388 390 399 403 405 409 416 417 419 423 424 426 428 433 434 435 439 442 446 450 456 462 466 467 470 477 480 481 482 484 486 490 492 495
3 0 1 2 4 5 7 8 9 10 14 16 17 19 20 21 25 26 27 29 30 35 36 38 39 41 43 45 52 56 60 61 72 73 75 76 77 79 89 90 93 94 97 98 101 109 110 111 126 129 130 132 134 139 156 161 163 165 168 172 173 175 177 179 182 183 185 186 187 188 199 200 216 219 222 227 231 232 245 246 249 253 255 260 266 267 273 277 289 291 308 312 315 317 318 328 329 344 347 358 360 363 367 372 373 375 377 378 385 397 409 413 422 423 425 426 427 430 434 437 440 453 463 467 470 472 478 488 493 497 499
4 0 1 2 3 14 31 35 84 126 213 217 230 359 360 385 420 459
5 0 1 2 3 6 15 24 25 27 36 40 44 46 50 70 85 100 105 136 137 138 144 148 151 165 175 187 232 254 266 270 271 280 281 293 315 320 322 324 328 330 340 358 362 389 402 411 419 431 433 462 466 482
6 0 1 2 5 56 59 60 61 67 74 123 135 149 248 261 275 301 325 335 337 370 377 417 439 464
7 0 1 2 3 20 30 33 48 54 57 59 69 76 94 102 109 111 155 158 171 178 184 195 198 204 215 223 233 235 242 246 256 258 271 281 284 292 301 306 309 312 333 352 358 366 382 391 395 408 417 425 439 457 465 479 485
8 0 1 2 3 11 16 17 25 27 28 34 36 37 40 41 42 47 53 58 63 74 77 82 91 92 97 99 101 102 109 111 112 115 120 124 135 141 159 167 169 170 175 180 181 185 194 197 199 205 208 209 211 225 238 240 243 251 257 261 273 274 284 294 315 318 323 325 331 332 334 351 365 379 383 388 392 396 398 400 410 438 446 450 452 453 454 465 472 477 480 484 492 495 498
9 0 1 2 3 11 13 17 22 26 37 38 41 74 78 81 85 87 88 106 113 114 123 133 136 140 147 149 151 152 157 158 164 165 167 169 171 172 174 182 192 209 216 220 224 226 230 257 261 263 264 266 273 284 287 293 311 324 346 352 354 357 374 381 384 399 411 415 419 431 433 445 451 459 473 483 494 495 497
10 0 1 2 3 12 18 23 25 28 42 51 61 69 73 92 97 145 146 147 153 170 196 251 272 274 289 305 319 390 412 455 466 472 492
11 0 2 8 9 28 182 219 394
12 0 1 2 10 58 88 110 128 142 202 207 225 245 265 268 286 287 389 391 473
13 0 1 2 9 53 64 116 255 457
14 1 2 3 4 24 32 43 62 66 80 127 129 149 180 192 200 240 248 254 298 300 311 317 323 330 367
15 0 1 2 5 40 57 83 105 115 116 227 244 282 283 291
16 0 1 3 8 18 29 39 45 76 128 164 201 205 207 287 316 332 333 347 348 353 364 396 408 424 425 431 490
17 0 3 8 9 460
18 0 1 10 16 21 30 31 38 39 48 54 55 60 65 66 84 93 123 134 138 140 156 157 178 179 188 196 217 220 226 233 262 275 277 283 298 320 325 344 354 367 368 391 400 404 407 420 443 452 474 476 482
19 0 1 2 3 32 63 89 147 184 209 267 348 393 395 402 445 461 464 495
20 1 2 3 7 22 23 35 44 50 105 117 141 143 154 160 166 178 187 188 207 229 234 243 244 253 275 283 289 290 296 302 303 323 343 348 351 356 364 366 368 378 386 404 450 463 468 475 486
21 1 2 3 18 64 79 82 90 99 102 104 108 114 117 130 156 180 190 196 232 262 311 321 345 354 355 368 380 395 427 448 470 490
22 0 2 9 20 27 62 64 68 69 98 100 142 187 199 221 223 230 237 238 276 319 323 352 379 386 390 410 414 488 496
23 0 1 10 20 58 376 474 478
24 0 1 5 14 49 70 118 125 141 160 176 183 191 206 210 239 249 280 309 332 355 369 382 386 387 424 428 437 449 463 476 491 494
25 3 5 8 10 72 79 170 259 285 299 302 318 381 459 471
26 0 2 3 9
27 3 5 8 22 86 95 128 286 290 374 409 418 460
28 1 8 10 11 78 95 154 181 185 201 221 242 339 392
29 0 2 3 16 71 77 125 169 170 178 193 198 244 247 252 256 262 279 305 310 349 360 366 398 405 423 461
30 0 3 7 18 119 226 263
31 0 2 4 18 50 57 88 152 223 295 372 394 398 405
32 0 2 14 19 48 68 70 86 105 123 125 152 163 173 215 244 274 281 304 321 391 397 453 468
33 0 1 2 7 46 80 87 88 98 120 122 144 206 208 210 214 234 249 255 257 261 303 344 347 373 416 432 434 485
34 0 1 2 8 49 73 85 86 103 113 144 145 161 163 167 197 219 240 329 337 374 388 416 420 443 478 496
35 2 3 4 20 338 483 491
36 0 3 5 8 205 363 365 376 383 426 442
37 0 2 8 9 51 72 81 96 166 263 276 281 320 337 361 494
38 2 3 9 18 142 179 231
39 0 3 16 18 92 136 239 272 346
40 0 5 8 15
41 1 3 8 9 351
42 0 2 8 10 107 165 179 204 241 399
43 1 2 3 14 49 59 72 75 81 113 121 172 201 272 279 300 309 314 380 413 419 435
44 1 2 5 20 114 150 176 203 319 342 349 371 389 437
45 0 1 3 16 104 188 236 296 460
46 1 2 5 33 51 94 144 146 203 286 299 331 380 387 491 499
47 0 1 2 8 243
48 2 7 18 32 263 496
49 0 24 34 43 83 143 292
50 2 5 20 31 110 137 162 350 396 403 430
51 1 10 37 46 124 264 327
52 0 1 2 3 55 87 109 111 120 148 177 183 190 229 234 238 239 276 340 401 406 414 441 443 481
53 0 1 8 13 191 195 233 288 354 371 396 426 432 477 484
54 0 1 7 18
55 0 2 18 52 99 203 211 295 306 331 410 460 488
56 0 2 3 6 121 246 362
57 0 7 15 31
58 0 8 12 23 95 357 406
59 0 6 7 43 106 131 132 148 149 186 211 269 287 305 361 393 440 489
60 2 3 6 18
61 2 3 6 10 139 191 212 241 493 498
62 0 2 14 22 91 225 228 317 356 412 477
63 0 2 8 19 120 133 159 160 270 299 305 438
64 2 13 21 22 65 223 239 268 314 383 466
65 0 2 18 64 76 100 127 131 329
66 0 2 14 18 395 414 447
67 0 1 2 6 125 176 245 256 294 297 312 385 428 471 499
68 0 2 22 32 210 378
69 0 7 10 22 189 313
70 1 5 24 32 174 255
71 0 1 2 29 107 161 273 297 326 387 438 448
72 3 25 37 43
73 2 3 10 34
74 2 6 8 9 139 154 198 298 478 487
75 0 1 3 43 104 112 160 270 471
76 3 7 16 65 234 294 307
77 0 3 8 29 118 322 408 422 472 481
78 0 1 9 28
79 0 3 21 25
80 0 2 14 33 383 429
81 1 9 37 43 116 155 296 304 326 336 407
82 0 2 8 21 122 342
83 0 2 15 49 177
84 1 2 4 18 93 107 236 252 260 265
85 2 5 9 34 124 279 290 307
86 2 27 32 34
87 0 9 33 52
88 9 12 31 33 235
89 0 2 3 19 366 487
90 1 2 3 21 108 162 338
91 0 2 8 62
92 2 8 10 39
93 2 3 18 84 117 288 401 452
94 0 3 7 46 130
95 1 27 28 58 104 186 489
96 0 1 2 37
97 2 3 8 10 110 157 198 488
98 2 3 22 33
99 2 8 21 55
100 2 5 22 65 131
101 1 2 3 8
102 1 7 8 21
103 0 1 2 34 108 112 317 400 421 445
104 21 45 75 95 116 150 209 235 257 342 402 415 416 438 444
105 5 15 20 32 126 226 269 300 362 450 465
106 1 2 9 59
107 2 42 71 84
108 1 21 90 103
109 3 7 8 52 345
110 3 12 50 97 174 310
111 3 7 8 52 207 229 394
112 1 8 75 103 184
113 1 9 34 43 151 241 300 335 380 401 458
114 2 9 21 44 254 404
115 0 1 8 15 132
116 13 15 81 104 191
117 2 20 21 93 259 432
118 1 2 24 77 146 252 357
119 0 1 2 30 166 489
120 8 33 52 63
121 0 2 43 56 214
122 0 1 33 82 140 218
123 6 9 18 32
124 0 8 51 85 253
125 24 29 32 67 128 491
126 0 3 4 105 134 200 220 327 412 421
127 1 2 14 65 228 249 349 464
128 12 16 27 125 145 196 210 250 269 341 359 422 485
129 0 1 3 14
130 1 3 21 94
131 1 59 65 100 153
132 0 3 59 115 285 440
133 0 2 9 63 183 189 289 341 343 355 363 420 461 469
134 2 3 18 126 186
135 0 1 6 8 375
136 2 5 9 39
137 1 2 5 50 184 206 214 268 306 316 336 392 469
138 1 2 5 18 293 457 499
139 1 3 61 74 213 248 398 448
140 0 9 18 122 159 329 441 442 497
141 2 8 20 24 218 236 246 362 368
142 0 12 22 38 150 224 242 267 303 313 339 382 389 479
143 0 2 20 49 242
144 5 33 34 46 202 216 229 233 313 439
145 0 10 34 128 310
146 1 10 46 118 237 346 410
147 1 9 10 19 295 350
148 1 5 52 59 173 228 369 375 498
149 6 9 14 59
150 1 44 104 142
151 2 5 9 113 353
152 0 9 31 32 216 291
153 1 2 10 131 224 288
154 1 20 28 74 193
155 0 2 7 81
156 1 3 18 21 205 455
157 0 9 18 97 251
158 1 2 7 9 162 166 190 321 334 367 448 486
159 0 8 63 140
160 20 24 63 75 194 384 464 480
161 0 3 34 71
162 2 50 90 158 373 418
163 0 3 32 34 164 259 376
164 1 9 16 163
165 3 5 9 42 433 444 447
166 20 37 119 158 339 365 451 494
167 1 8 9 34
168 0 1 2 3
169 1 8 9 29
170 8 10 25 29
171 0 2 7 9 413
172 0 3 9 43
173 2 3 32 148
174 2 9 70 110 336 343
175 2 3 5 8 459
176 2 24 44 67 360 443
177 1 3 52 83
178 7 18 20 29
179 3 18 38 42 400
180 0 8 14 21
181 1 2 8 28
182 1 3 9 11
183 3 24 52 133
184 7 19 112 137
185 2 3 8 28 393 484
186 3 59 95 134 402
187 3 5 20 22
188 3 18 20 45 202 250 258 365
189 1 2 69 133 308 441
190 0 21 52 158 358 432
191 24 53 61 116 193 258
192 1 2 9 14 487
193 1 29 154 191 200
194 0 1 8 160 430
195 0 2 7 53 203 338
196 10 18 21 128
197 1 2 8 34
198 7 29 74 97 359
199 1 3 8 22 212
200 3 14 126 193 456
201 0 16 28 43 236 286 333 386 454
202 2 12 144 188
203 44 46 55 195
204 0 2 7 42
205 8 16 36 156
206 2 24 33 137 424
207 12 16 20 111
208 0 2 8 33 480
209 8 9 19 104
210 24 33 68 128
211 0 8 55 59
212 1 2 61 199 342 359
213 0 1 4 139 282 330 411
214 2 33 121 137 279
215 0 1 7 32 322 458
216 3 9 144 152
217 1 2 4 18
218 0 1 122 141 222 327 415 493
219 0 3 11 34 271 372
220 0 9 18 126 445
221 1 2 22 28 311
222 0 1 3 218 284
223 7 22 31 64
224 0 9 142 153
225 0 8 12 62
226 9 18 30 105 425 430
227 0 1 3 15
228 1 62 127 148 388
229 20 52 111 144
230 0 4 9 22
231 1 2 3 38
232 2 3 5 21 409
233 7 18 53 144
234 20 33 52 76 350
235 2 7 88 104
236 45 84 141 201
237 0 1 22 146
238 1 8 22 52
239 24 39 52 64 406
240 2 8 14 34
241 1 42 61 113
242 7 28 142 143
243 1 8 20 47 277
244 15 20 29 32 298
245 1 3 12 67
246 3 7 56 141 327
247 0 1 2 29
248 2 6 14 139 351 449 457 475
249 3 24 33 127 278 330
250 0 1 128 188 357
251 1 8 10 157
252 0 29 84 118
253 1 3 20 124
254 2 5 14 114
255 3 13 33 70
256 0 7 29 67
257 8 9 33 104
258 0 7 188 191
259 1 25 117 163
260 1 2 3 84
261 6 8 9 33
262 0 18 21 29
263 9 30 37 48 361 473
264 0 2 9 51
265 1 2 12 84 442
266 2 3 5 9
267 0 3 19 142
268 2 12 64 137 493
269 0 59 105 128
270 0 5 63 75
271 0 5 7 219 353
272 2 10 39 43 278 308 321
273 3 8 9 71 314
274 1 8 10 32
275 0 6 18 20 376
276 1 22 37 52
277 1 3 18 243
278 1 2 249 272
279 29 43 85 214
280 0 1 5 24 436
281 5 7 32 37 292 467
282 0 1 15 213
283 0 15 18 20
284 7 8 9 222 381 458
285 1 2 25 132 412
286 12 27 46 201
287 9 12 16 59
288 2 53 93 153
289 3 10 20 133
290 2 20 27 85
291 2 3 15 152
292 1 7 49 281 469
293 2 5 9 138
294 1 8 67 76 492
295 2 31 55 147
296 1 20 45 81 338 437 447 462
297 0 2 67 71 458
298 14 18 74 244 299 496
299 25 46 63 298 326
300 14 43 105 113
301 0 1 6 7
302 0 1 20 25
303 1 20 33 142 446 474
304 1 2 32 81
305 10 29 59 63
306 0 7 55 137
307 0 1 76 85
308 0 3 189 272
309 0 7 24 43
310 0 29 110 145
311 9 14 21 221
312 1 3 7 67
313 0 69 142 144 483
314 2 43 64 273
315 2 3 5 8
316 1 2 16 137
317 3 14 62 103
318 1 3 8 25
319 2 10 22 44
320 2 5 18 37 335 421
321 21 32 158 272 431
322 2 5 77 215 334
323 8 14 20 22 455
324 0 2 5 9 325 353 371 470
325 6 8 18 324
326 0 71 81 299
327 51 126 218 246
328 0 1 3 5 444
329 3 34 65 140
330 5 14 213 249
331 0 8 46 55 399
332 0 8 16 24
333 0 7 16 201
334 0 8 158 322
335 0 6 113 320
336 0 81 137 174 446
337 2 6 34 37
338 35 90 195 296
339 1 28 142 166 469
340 0 1 5 52
341 1 2 128 133
342 44 82 104 212
343 1 20 133 174 379
344 1 3 18 33
345 0 2 21 109 378 454
346 2 9 39 146 364 451
347 2 3 16 33
348 1 16 19 20 394
349 2 29 44 127
350 1 50 147 234
351 8 20 41 248
352 0 7 9 22
353 16 151 271 324
354 9 18 21 53
355 2 21 24 133
356 1 2 20 62
357 9 58 118 250
358 3 5 7 190
359 4 128 198 212
360 3 4 29 176
361 1 37 59 263 417 447
362 5 56 105 141
363 0 3 36 133 421
364 2 16 20 346 370 449
365 8 36 166 188 413 474
366 7 20 29 89 436 461
367 3 14 18 158 468
368 18 20 21 141
369 0 1 24 148 476 497
370 0 2 6 364
371 2 44 53 324
372 0 3 31 219 381
373 2 3 33 162
374 1 9 27 34
375 2 3 135 148
376 23 36 163 275
377 0 2 3 6
378 3 20 68 345
379 0 8 22 343
380 21 43 46 113
381 9 25 284 372 422
382 1 7 24 142
383 8 36 64 80 463
384 0 2 9 160
385 1 3 4 67
386 20 22 24 201
387 1 24 46 71
388 2 8 34 228 482
389 5 12 44 142
390 1 2 10 22
391 7 12 18 32
392 0 8 28 137
393 0 19 59 185
394 11 31 111 348
395 7 19 21 66
396 8 16 50 53
397 0 1 3 32
398 8 29 31 139
399 2 9 42 331
400 8 18 103 179 429
401 0 52 93 113
402 5 19 104 186
403 0 1 2 50
404 0 18 20 114
405 0 2 29 31
406 1 52 58 239
407 0 1 18 81
408 0 7 16 77
409 2 3 27 232
410 8 22 55 146
411 1 5 9 213
412 10 62 126 285
413 3 43 171 365
414 0 22 52 66 418
415 1 9 104 218
416 2 33 34 104 434
417 2 6 7 361 429
418 1 27 162 414
419 2 5 9 43
420 4 18 34 133
421 103 126 320 363
422 3 77 128 381
423 0 2 3 29
424 2 16 24 206
425 3 7 16 226 475
426 2 3 36 53
427 0 1 3 21
428 1 2 24 67
429 1 80 400 417
430 3 50 194 226
431 5 9 16 321
432 33 53 117 190
433 2 5 9 165
434 2 3 33 416
435 0 1 2 43
436 0 1 280 366
437 3 24 44 296
438 8 63 71 104
439 2 6 7 144
440 0 3 59 132
441 1 52 140 189
442 2 36 140 265
443 18 34 52 176
444 0 104 165 328
445 9 19 103 220
446 2 8 303 336
447 66 165 296 361
448 21 71 139 158
449 0 24 248 364
450 2 8 20 105
451 1 9 166 346
452 1 8 18 93
453 0 3 8 32
454 1 8 201 345
455 1 10 156 323
456 0 1 2 200
457 7 13 138 248
458 113 215 284 297
459 4 9 25 175
460 17 27 45 55
461 19 29 133 366
462 0 2 5 296
463 3 20 24 383
464 6 19 127 160
465 1 7 8 105
466 2 5 10 64
467 1 2 3 281
468 1 20 32 367
469 133 137 292 339
470 2 3 21 324
471 0 25 67 75
472 3 8 10 77
473 0 9 12 263
474 18 23 303 365
475 1 20 248 425
476 0 18 24 369
477 2 8 53 62
478 3 23 34 74
479 0 1 7 142
480 2 8 160 208
481 1 2 52 77
482 2 5 18 388
483 1 9 35 313
484 2 8 53 185
485 0 7 33 128
486 0 2 20 158
487 1 74 89 192
488 3 22 55 97
489 0 59 95 119
490 1 2 16 21
491 24 35 46 125
492 2 8 10 294
493 3 61 218 268
494 9 24 37 166
495 2 8 9 19
496 22 34 48 298
497 3 9 140 369
498 0 8 61 148
499 3 46 67 138
