0 90 127 131 155 201 248 421 422 457
1 66 195 198 278 323 371 402
2 115 238 281 408 419
3 30 64 74 107 130 150 237 298 384 411 439 467
4 183 198 443 444
5 72 296 335 361 450
6 7 127 133 195 240 254 265 286 409 491
7 6 15 113 135 288 325 456
8 42 115 204 215 234 239 290 334 359 419 456 498
9 24 44 46 106 108 181 297 306 346 395 409 426
10 59 63 75 143 208 218 267 268 415 465 474 495
11 29 75 79 86 154 170 196 215 400 476
12 18 23 43 381 418 440
13 42 164 221 320 366 398 414
14 49 58 86 94 231 282 332 335 441
15 7 23 26 28 102 128 170 190 213 266 270 416 431
16 120 142 200 231 254 324 450 476
17 61 115 236 283 410 416 454
18 12 33 60 221 268 469 476 498
19 78 100 165 219
20 90 119 143 233 301 380 444
21 23 25 64 67 86 105 231 336
22 68 74 174 273 340 400 413 418
23 12 15 21 24 54 80 82 128 364 391 461 464 480
24 9 23 63 75 125 191 379 434 437 487
25 21 56 85 173 210 257 355 491
26 15 62 133 150 154 233 339 478 479
27 28 85 111 124 434
28 15 27 120 262 337 353 473
29 11 305 327 390 434 451 477
30 3 102 200 258 267 390 411 432
31 75 140 151 162 437 467
32 123 139 255 270 330 357 493
33 18 309 319 442
34 114 152 193 279 348 372 430 457
35 82 116 125 183 193 284 332 378 391
36 74 76 108 228 231 357 493
37 71 136 138 177 299 327 464 479 485
38 64 123 151 227 251 289 338 366 381 458 496
39 40 107 113 131 159 215 238 312
40 39 118 152 175 244 288 366 390 454 467 494 495
41 51 135 161 223 256 267 269 287 315 320 385 432 442 483
42 8 13 58 68 213 226 257 287 293 329 367 381 392 398
43 12 92 100 181 244 264 312 315 371 381 421 467
44 9 73 135 170 226 232 274 340 341 382 417 443
45 109 125 128 146 155 175 205 281 294 316 380 426 469
46 9 122 149 166 192 247 335 377 436 455 471
47 51 69 240 294 386 460 478
48 150 357 453 457
49 14 153 177 183 295 342 386 390 428
50 79 222 458 489
51 41 47 305 346 410
52 79 115 177 186 210 227 376 432 435 475
53 175 194 213 221 291 314
54 23 63 153 163 176 191 199 216 288
55 76 159 196 199 301 370 419 425 455 488
56 25 76 78 181 205 212 230 263 270 315 343
57 113 120 122 144 158 203 228 297 364
58 14 42 73 92 125 163 178 200 225 329 346 388 394 478 487
59 10 146 163 213 258 272 405 439 467 480
60 18 72 163 263 429 435 476
61 17 98 255 402
62 26 119 132 215 246 288 434
63 10 24 54 99 225 235 242 460
64 3 21 38 319 375 422
65 67 84 105 352 379 397 422 446 460 480
66 1 85 142 163 222 290 298 305 310 343 410 490
67 21 65 199 256 285 420 428 479
68 22 42 189 209 249 285 297 301 391
69 47 134 157 162 217 250 254 281 366 424
70 87 197 246
71 37 249 269 332 443 499
72 5 60 99 142 175 205 358 404 407 428 476
73 44 58 99 156 220 354 364 413 419 472 496
74 3 22 36 110 213 295 305 391 395
75 10 11 24 31 212 249
76 36 55 56 270 368 372 418 461
77 91 209 280 342 407 420 422 474
78 19 56 151 155 189 198 240 277 367 404 413 445
79 11 50 52 100 153 162 243 270 281 348 357 392 450
80 23 120 151 154 235 291 324 375 398 400 460
81 88 144 192 193 291 417 445
82 23 35 109 163 205 367 484
83 221 313 411
84 65 101 112 181 238 262 345
85 25 27 66 102 111 135 182 190 202 240 342 431
86 11 14 21 155 308 450
87 70 114 181 190 245 250 274 320 387 405 437 449 461
88 81 117 135 218 226 263 467
89 95 146 216 254 257 312 373 470
90 0 20 95 108 149 165 208 228 230 423 484
91 77 156 254 379 449 490
92 43 58 126 242 481
93 238 357 364 370 371 408 456 478
94 14 107 175 212 286 378 386 412 442 444
95 89 90 118 173 244 340 428
96 173 277 389 422 454 486 491
97 151 205
98 61 144 230 243 265 339 367 431 435 458
99 63 72 73 123 192 198 353 358 369 420 433 475
100 19 43 79 148 233 239 269 341 422 434 469
101 84 230 248 282 315 327 459 466 485
102 15 30 85 317 350 371
103 133 190 331 409 428 458 475
104 167 245 315 387 474 488
105 21 65 117 201 246 271 356 418 469
106 9 128 149 151 191 215 218 225 273 338 383 435 453
107 3 39 94 251 376 394 450 464
108 9 36 90 178 196 258 432 480
109 45 82 136 163 185 188 191 237 280 352 391 445
110 74 114 138 333
111 27 85 134 139 156 161 195 197 216 217 258 281 475 481 494
112 84 234 243 284 315 346 376 442 456 459 466 485
113 7 39 57 147 167 255 269 278 285 332 458 489 493
114 34 87 110 133 162 234 365 396 479
115 2 8 17 52 255 259 334 426 437 476
116 35 149 177 192 260 336 362 411 473
117 88 105 182 219 246 304 459
118 40 95 120 361 397 447 454 465 481
119 20 62 146 155 196 244 400 409
120 16 28 57 80 118 128 180 201 202 269 302 336 465 499
121 147 195 200 221 286 304 316
122 46 57 196 301 318 464
123 32 38 99 130 134 172 193 194 265 428 450 455
124 27 350 358 488 495
125 24 35 45 58 235 419
126 92 133 193 365 435 440 498
127 0 6 254 262 275 337 366 368 374 483
128 15 23 45 106 120 149 224 238 266 373 477
129 132 173 226 299 308 411
130 3 123 219 222 243 330 399 417 434 467
131 0 39 160 184 196 275 306 408 483
132 62 129 160 272 373 393 430 441 471
133 6 26 103 114 126 139 160 291 303 310 414 417
134 69 111 123 206 325 333 484
135 7 41 44 85 88 143 296 352 362 447 479 486 495 498
136 37 109 170
137 192 287 316 321 322 407 423
138 37 110 276 296 405 443 492
139 32 111 133 141 250 445 465 492
140 31 164 257 364 414
141 139 212 281 404 407 455 456
142 16 66 72 205 315 344 373 415 486 488
143 10 20 135 171 260 332 369 403 491 495
144 57 81 98 262 346 378 468 480
145 326 327 412 493
146 45 59 89 119 202 210 212 348 387 417 457 476 479
147 113 121 195 266 275 336 452 458
148 100 174 180 323 418 429
149 46 90 106 116 128 262 275
150 3 26 48 186 229 323 459 465 493
151 31 38 78 80 97 106 212 224 262 263 265 292 294 307 455 457
152 34 40 198 238 258 292 294 345 348 395 488
153 49 54 79 237 328 355 428 463
154 11 26 80 161 217 260 272 365 456 469
155 0 45 78 86 119 261 297 300 388
156 73 91 111 234 244 288 369 385 400 490
157 69 182 215 262 278 322 353 414 433 466 492
158 57 232 236 404 416 422 433 437
159 39 55 207 390 429
160 131 132 133 167 241 271 335 411 475
161 41 111 154 203 251 373 439 448 469 491
162 31 69 79 114 175 223 240 255 400 450 492
163 54 58 59 60 66 82 109 232 240 270 288 330 352 360
164 13 140 228 283 322 334 383 434
165 19 90 281 350 395 488 499
166 46 191 490
167 104 113 160 308 385 448
168 216 246 259 281 347 350 483 484
169 200 463 475
170 11 15 44 136 271 301 416
171 143 292 298 305 351 427 442
172 123 197 199 231 287
173 25 95 96 129 334 376
174 22 148 213 257 319 366 387 396 413 424 475 482
175 40 45 53 72 94 162 208 220 324 337 341 415
176 54 203 280 425 463 476 492
177 37 49 52 116 208 232 406 418 422 485
178 58 108 229 431
179 313 372 394 464
180 120 148 209 283 335 396 480 490
181 9 43 56 84 87 326 365 380 401 486 487
182 85 117 157 195 272 308 312 415 423 426 430 460
183 4 35 49 213 235 299 306 424
184 131 271 308 326 337 391 402 499
185 109 230 320 467 485
186 52 150 209 285 328 333 336
187 234 250 271 301 460 471
188 109 243 306 333 420
189 68 78 214 358 391 394 417 421
190 15 85 87 103 204 274 275 324 329 417 466
191 24 54 106 109 166 317 322 379 393 495
192 46 81 99 116 137 225 236 304
193 34 35 81 123 126 257 262 293 364 369 374 462
194 53 123 233 338
195 1 6 111 121 147 182 292 408 410
196 11 55 108 119 122 131 224 227 423
197 70 111 172 206 312 363
198 1 4 78 99 152 209 279 282 285 356 456
199 54 55 67 172 204 263 326 329 333 449
200 16 30 58 121 169 252 345 353 372
201 0 105 120 216 246 366 383 401 474 483
202 85 120 146 420
203 57 161 176 326 352 416 417 431
204 8 190 199 284 413 425 426 447 483
205 45 56 72 82 97 142 226 357 414 431 451 458 482
206 134 197 252 285 432 469 483 492
207 159 238 355 430 440
208 10 90 175 177 292 393 396 436 496
209 68 77 180 186 198 213 282 377 382
210 25 52 146 243 283 320 443
211 259 295 359 408 413
212 56 75 94 141 146 151 237 238 366 371 494
213 15 42 53 59 74 174 183 209 227 290 312 356 406 435 474
214 189 254 315 325 366 422
215 8 11 39 62 106 157 396 405
216 54 89 111 168 201 281 290 300 351 429 497
217 69 111 154 266 383 488 498
218 10 88 106 395 402 443 450
219 19 117 130 247 252 390 420 482
220 73 175 234 446 474
221 13 18 53 83 121 297 332
222 50 66 130 307 382 462
223 41 162 427 430
224 128 151 196 241 280 299 327 398 444 482
225 58 63 106 192 305 347 487
226 42 44 88 129 205 271 284 319 329 415 476
227 38 52 196 213 345 354 428
228 36 57 90 164 288 332 416 430 455
229 150 178 386
230 56 90 98 101 185 235 258 288 378 493 498
231 14 16 21 36 172 310 388 414 481
232 44 158 163 177 284 319 357 378 458
233 20 26 100 194 262 300 304 341 455
234 8 112 114 156 187 220 276 281 375 411
235 63 80 125 183 230 291 326 354 394 449
236 17 158 192 273 312 330 339 352 434 460
237 3 109 153 212 364 369 405 416 471
238 2 39 84 93 128 152 207 212 311 361 453 499
239 8 100 359 383
240 6 47 78 85 162 163 322 340 399 437 454 460
241 160 224 433 483 495
242 63 92 402
243 79 98 112 130 188 210 280 401
244 40 43 95 119 156 284 292 442 446 493
245 87 104 478
246 62 70 105 117 168 201 298 339 418 451 469
247 46 219 391 436 477
248 0 101 279 374 468
249 68 71 75 418 421 452
250 69 87 139 187 265
251 38 107 161 258 263 273 281 283 294
252 200 206 219 282 310 355 358 378 489
253 366 378 398 421 452 490
254 6 16 69 89 91 127 214 274 279 281 364 382 461
255 32 61 113 115 162 286 292 316 359
256 41 67 257 337 346 371 471
257 25 42 89 140 174 193 256 261 315 415
258 30 59 108 111 152 230 251 278 387 455 459
259 115 168 211 378 388 438 458 487 496
260 116 143 154 362 396 472
261 155 257 315 362 368 382 394 437 480
262 28 84 127 144 149 151 157 193 233 266 402
263 56 60 88 151 199 251 462
264 43 423 432
265 6 98 123 151 250 268 288 317 390 446
266 15 128 147 217 262 267 268 422 478
267 10 30 41 266 271 275 381 407 429 443 497
268 10 18 265 266 276 360 412
269 41 71 100 113 120 272 409 419
270 15 32 56 76 79 163 454 465 485 488 497
271 105 160 170 184 187 226 267 277 309 424 444 469 488
272 59 132 154 182 269 453 481
273 22 106 236 251
274 44 87 190 254 282 361 449
275 127 131 147 149 190 267 472
276 138 234 268 322 351 373 394 414 456
277 78 96 271 337 341 342 355 369 398 464
278 1 113 157 258 287 357 377 379 494
279 34 198 248 254 312 338 346 358 430
280 77 109 176 224 243 367 439 445 469 486
281 2 45 69 79 111 141 165 168 216 234 251 254 301 384 438
282 14 101 198 209 252 274 418 448
283 17 164 180 210 251 391 456 473 492 498
284 35 112 204 226 232 244 450 451
285 67 68 113 186 198 206
286 6 94 121 255 350 425 447 499
287 41 42 137 172 278 313 358 455
288 7 40 54 62 156 163 228 230 265 301 408 486
289 38 370 407 419 467 491
290 8 66 213 216 291 349 359 396
291 53 80 81 133 235 290 356 380 466 484
292 151 152 171 195 208 244 255 322 346 373 377 453 463
293 42 193 339 396 398 410 411 436 470
294 45 47 151 152 251 424 430
295 49 74 211 305 330 364 418 448 461
296 5 135 138 302 331 479 493
297 9 57 68 155 221 349 350 479
298 3 66 171 246 308 363 365 478 489
299 37 129 183 224 326 350 395 455 456 467 472 482 488 489
300 155 216 233 397 431 441 463
301 20 55 68 122 170 187 281 288 346 407
302 120 296 365 418 420
303 133 402 425 498
304 117 121 192 233 368 474
305 29 51 66 74 171 225 295 323 324 334 451
306 9 131 183 188 337 467
307 151 222 343 385 389 453
308 86 129 167 182 184 298 329 355 417
309 33 271 360 390
310 66 133 231 252 351 389 493
311 238 350
312 39 43 89 182 197 213 236 279 345 462 464
313 83 179 287 452
314 53 349 411
315 41 43 56 101 104 112 142 214 257 261 346 399 417 431
316 45 121 137 255 346 369 438 450 471 472
317 102 191 265 318 343 391 417 450
318 122 317 327 336 437 472
319 33 64 174 226 232 323 367
320 13 41 87 185 210
321 137 384 429 487
322 137 157 164 191 240 276 292 462
323 1 148 150 305 319
324 16 80 175 190 305 340 403 412 448 497
325 7 134 214 337 348 434
326 145 181 184 199 203 235 299 334 391 450 475 493 494 497
327 29 37 101 145 224 318 457
328 153 186 348 353 421
329 42 58 190 199 226 308 452 488
330 32 130 163 236 295 331 397
331 103 296 330
332 14 35 71 113 143 221 228 355 466
333 110 134 186 188 199 381 450 454
334 8 115 164 173 305 326 352 367 436 473
335 5 14 46 160 180
336 21 116 120 147 186 318 388
337 28 127 175 184 256 277 306 325 370
338 38 106 194 279 371 403
339 26 98 236 246 293 423
340 22 44 95 240 324 426 441 451
341 44 100 175 233 277
342 49 77 85 277 392 401 402 429
343 56 66 307 317 473
344 142
345 84 152 200 227 312 380 399 443 496
346 9 51 58 112 144 256 279 292 301 315 316 373
347 168 225 361 363 365 377 457
348 34 79 146 152 325 328 355 400 496
349 290 297 314 377
350 102 124 165 168 286 297 299 311 440 456
351 171 216 276 310
352 65 109 135 163 203 236 334 399 425
353 28 99 157 200 328
354 73 227 235 480 487
355 25 153 207 252 277 308 332 348 364 466
356 105 198 213 291 488
357 32 36 48 79 93 205 232 278 400 432 491
358 72 99 124 189 252 279 287 364 371 413
359 8 211 239 255 290 363 366 494
360 163 268 309 448 451 472
361 5 118 238 274 347 434
362 116 135 260 261 453 496
363 197 298 347 359 497 498
364 23 57 73 93 140 193 237 254 295 355 358 377
365 114 126 154 181 298 302 347 441 472 484
366 13 38 40 69 127 174 201 212 214 253 359 490
367 42 78 82 98 280 319 334 455 490
368 76 127 261 304 418 456 477 492
369 99 143 156 193 237 277 316 470
370 55 93 289 337 439 452
371 1 43 93 102 212 256 338 358 379
372 34 76 179 200 383
373 89 128 132 142 161 276 292 346 392 447 491
374 127 193 248 393 454 478 496
375 64 80 234 494
376 52 107 112 173 427 440 447 493
377 46 209 278 292 347 349 364 455
378 35 94 144 230 232 252 253 259 457 460 465
379 24 65 91 191 278 371 454
380 20 45 181 291 345 433
381 12 38 42 43 267 333 389 392 444 445 461
382 44 209 222 254 261 461
383 106 164 201 217 239 372 424 490
384 3 281 321 396 495
385 41 156 167 307 451
386 47 49 94 229
387 87 104 146 174 258 399 449
388 58 155 231 259 336 491
389 96 307 310 381 402 440 488
390 29 30 40 49 159 219 265 309 411 416 477
391 23 35 68 74 109 184 189 247 283 317 326 419 428 445 456
392 42 79 342 373 381 397 494
393 132 191 208 374 480
394 58 107 179 189 235 261 276 417 462
395 9 74 152 165 218 299
396 114 174 180 208 215 260 290 293 384 433 452
397 65 118 300 330 392 442 445
398 13 42 80 224 253 277 293 451 493 494
399 130 240 315 345 352 387 426 437 480
400 11 22 80 119 156 162 348 357 419 433
401 181 201 243 342
402 1 61 184 218 242 262 303 342 389 410
403 143 324 338 415 480 492
404 72 78 141 158 489
405 59 87 138 215 237 433
406 177 213 419 429
407 72 77 137 141 267 289 301 412 460 464 497
408 2 93 131 195 211 288 496
409 6 9 103 119 269 423 461 477
410 17 51 66 195 293 402 433 453 471
411 3 30 83 116 129 160 234 293 314 390
412 94 145 268 324 407
413 22 73 78 174 204 211 358 416 444 492
414 13 133 140 157 205 231 276 470
415 10 142 175 182 226 257 403 448
416 15 17 158 170 203 228 237 390 413 459
417 44 81 130 133 146 189 190 203 308 315 317 394
418 12 22 76 105 148 177 246 249 282 295 302 368 490
419 2 8 55 73 125 269 289 391 400 406
420 67 77 99 188 202 219 302 470
421 0 43 189 249 253 328
422 0 64 65 77 96 100 158 177 214 266 433
423 90 137 182 196 264 339 409 428 456
424 69 174 183 271 294 383 444
425 55 176 204 286 303 352 432 437 458 471
426 9 45 115 182 204 340 399 437 438 469 476
427 171 223 376 463 477
428 49 67 72 95 103 123 153 227 391 423 458
429 60 148 159 216 267 321 342 406 432 434
430 34 132 182 207 223 228 279 294
431 15 85 98 178 203 205 300 315 485 498
432 30 41 52 108 206 264 357 425 429 486
433 99 157 158 241 380 396 400 405 410 422
434 24 27 29 62 100 130 164 236 325 361 429 492
435 52 60 98 106 126 213 483 487
436 46 208 247 293 334 480 495
437 24 31 87 115 158 240 261 318 399 425 426
438 259 281 316 426 459 477 486
439 3 59 161 280 370 481 488
440 12 126 207 350 376 389 466
441 14 132 300 340 365 464 479
442 33 41 94 112 171 244 397
443 4 44 71 138 210 218 267 345 498
444 4 20 94 224 271 381 413 424 466 484
445 78 81 109 139 280 381 391 397 480
446 65 220 244 265 467
447 118 135 204 286 373 376 465
448 161 167 282 295 324 360 415 476
449 87 91 199 235 274 387 474
450 5 16 79 86 107 123 162 218 284 316 317 326 333
451 29 205 246 284 305 340 360 385 398
452 147 249 253 313 329 370 396 470
453 48 106 238 272 292 307 362 410 473 482 488
454 17 40 96 118 240 270 333 374 379
455 46 55 123 141 151 228 233 258 287 299 367 377 472 490
456 7 8 93 112 141 154 198 276 283 299 350 368 391 423
457 0 34 48 146 151 327 347 378 497
458 38 50 98 103 113 147 205 232 259 425 428
459 101 112 117 150 258 416 438
460 47 63 65 80 182 187 236 240 378 407 485
461 23 76 87 254 295 381 382 409
462 193 222 263 312 322 394 487 492
463 153 169 176 292 300 427 499
464 23 37 107 122 179 277 312 407 441
465 10 118 120 139 150 270 378 447 467 478
466 101 112 157 190 291 332 355 440 444 478 480
467 3 31 40 43 59 88 130 185 289 299 306 446 465
468 144 248
469 18 45 100 105 154 161 206 246 271 280 426 486
470 89 293 369 414 420 452
471 46 132 187 237 256 316 410 425 481
472 73 260 275 299 316 318 360 365 455 480
473 28 116 283 334 343 453 498
474 10 77 104 201 213 220 304 449 498
475 52 99 103 111 160 169 174 326 477
476 11 16 18 60 72 115 146 176 226 426 448 477 499
477 29 128 247 368 390 409 427 438 475 476
478 26 47 58 93 245 266 298 374 465 466
479 26 37 67 114 135 146 296 297 441
480 23 59 65 108 144 180 261 354 393 399 403 436 445 466 472
481 92 111 118 231 272 439 471
482 174 205 219 224 299 453
483 41 127 131 168 201 204 206 241 435
484 82 90 134 168 291 365 444 494
485 37 101 112 177 185 270 431 460
486 96 135 142 181 280 288 432 438 469
487 24 58 181 225 259 321 354 435 462
488 55 104 124 142 152 165 217 270 271 299 329 356 389 439 453 490
489 50 113 252 298 299 404 491 499
490 66 91 156 166 180 253 366 367 383 418 455 488
491 6 25 96 143 161 289 357 373 388 489
492 138 139 157 162 176 206 283 368 403 413 434 462
493 32 36 113 145 150 230 244 296 310 326 376 398
494 40 111 212 278 326 359 375 392 398 484
495 10 40 124 135 143 191 241 384 436
496 38 73 208 259 345 348 362 374 408
497 216 267 270 324 326 363 407 457
498 8 18 126 135 217 230 283 303 363 431 443 473 474
499 71 120 165 184 238 286 463 476 489
