0 149 183 225 412 424 459 481 489
1 6 81 110 232 258 318 322 462 477
2 15 213 249 250 259 308 368 382 417
3 90 163 170 365
4 137 171 253 297 367 452 458 463
5 81 124 243 273 302 383 462 479 481
6 1 76 86 163 245 359 412
7 27 34 91 274 277 298 360 427 490
8 21 139 197 213 315 393 468 471
9 20 60 77 158 454 477 484
10 131 253 264 292 299
11 34 91 95 248 250 330 333 401 478 483
12 114 181 204 239 295 349 483
13 113 118 131 141 185 242 293 311 422
14 50 64 179 185 319 324 333 462
15 2 116 132 174 367 378
16 34 75 115 168 169 407 409
17 21 64 65 70 164 196 290 294 347 356 463 483
18 62 141 232 256 270 347 410 433 485 487
19 109 303 409 430 478
20 9 189 191 246 252 256 312 391 413 434
21 8 17 110 188 275 330
22 60 81 120 124 217 246 314 355 455 479
23 96 123 227 296 340 358 371 494
24 41 45 102 146 160 161 207 400 403
25 47 218 265 297
26 29 101 149 276 277 288 355 383 402
27 7 39 129 222 248 306 371 413 414 446
28 30 163 238 288 294 467
29 26 56 99 239 321 458 486
30 28 80 302 305 373 422 431
31 51 77 127 143 275 421
32 70 198 271 297 423 473 475
33 119 172 179 278 355
34 7 11 16 47 95 131 139 164 262 397 438 486
35 103 210 417
36 125 248 256 312 465
37 180 264 347
38 49 70 76 147 179 195 404 455
39 27 63 114 213 289 342 411 436 458
40 302 447 462
41 24 48 152 157 295 335 346 376 388 427 433 451
42 119 132 159 263 308 310 425 431 465 484
43 90 110 130 259 268 276 294 392 431 436 445
44 106 165 399 488
45 24 130 147 365 384 422 424
46 81 87 166 212 317 417 476
47 25 34 100 197 330 336 348 360 434
48 41 63 109 270 469 488
49 38 61 76 152 169 206 235 254 315 328 362
50 14 111 130 183 195 212 249 301 313 388 417 434 485 493
51 31 140 154 167 190 200 299 412 415
52 138 202 269 276 374 421 489
53 172 199 260 341 350 351 431 448
54 110 142 184 247 297 352 403 462 496
55 104 144 199 359 384 419
56 29 62 65 125 176 259 414 417 432 462 484
57 161 235 351
58 117 183 240
59 73 92 114 218 256 331 491 498
60 9 22 63 91 204 255 263 390 435 486
61 49 131 165 168 184 193 226 239 247 255 349 353 387 465 467 473
62 18 56 97 107 108 146 205 229
63 39 48 60 76 77 84 199 225 346 366 484
64 14 17 128 165 238 311 334 353 457
65 17 56 80 84 132 270 326 344 399 445 475
66 183 189 331 368 431
67 94 156 157 216 255 322 390 402 430 434 442 460 496
68 87 148 181 218 230 300 396 488
69 81 181 233 258 266 377 416 427 486
70 17 32 38 108 127 255 263 326 330 332
71 142 256 266 320 325 376
72 156 175 211 212 364 375 384 403 414 423
73 59 155 225 332 369 388 431
74 119 134 248 305 415 454
75 16 85 109 142 157 194 202 235 257 294 307 342 387 397 421 480 481
76 6 38 49 63 94 112 162 180 189 199 206 295 344 349 363 370 380 401 408 409 451 465 474 492
77 9 31 63 127 136 172 223 258 375 399 448
78 241 265 318 338 360 444 459 494
79 94 224 416 418 442
80 30 65 87 145 175 342 452
81 1 5 22 46 69 408 417 444 458
82 138 187 242 287 400 409
83 118 151 155 167 172 182 206 220 265 288 290 299 321 382 402
84 63 65 121 135 157 194 439
85 75 114 167 225 353 478
86 6 138 202 251 296 319 324 399 495
87 46 68 80 91 239 344
88 103 117 125 295 302 315 316 405 446 452
89 153 431 457
90 3 43 138 193 236 253 385 431 449
91 7 11 60 87
92 59 178 320 326 363
93 114 131 248 453
94 67 76 79 107 180 398 428
95 11 34 103 111 118 155 158 206 234 284 365
96 23 105 255 282 400
97 62 138 237 267 319 358 372 434
98 231 280 296 341 389 432
99 29 239 485
100 47 135 143 160 270 273 286 411 416 424
101 26 191 208 224 297 308 369
102 24 162 209 386 404 418
103 35 88 95 116 138 172 250 383 392 398 489
104 55 110 183 282 373 443 457 480 492
105 96 241 341
106 44 168 171 173 194 352 355 378 404 464
107 62 94 232 245 304 311 394
108 62 70 135 168 244 455
109 19 48 75 143 290 354 374 389 481
110 1 21 43 54 104 134 144 169 173 306 457
111 50 95 194 235 250 366 460 489
112 76 232 296 307 412 470
113 13 203 227 276 472
114 12 39 59 85 93 256 277 290 443 451 483
115 16 186 254 408 487 495
116 15 103 149 206 208 209 225 466
117 58 88 157 232 349 390 414 448
118 13 83 95 121 175 284 337 357 428
119 33 42 74 177 235 295 331 368 444
120 22 125 288 295 304 368
121 84 118 303 318 334 387 481
122 125 202 208 277
123 23 479
124 5 22 287 305 335 367 381 390 398
125 36 56 88 120 122 156 168 232 274 340 341 397 446 464 465 489
126 137 284
127 31 70 77 130 154 180 185 217 290 326 346 424 430 473
128 64 139
129 27 140 171 182 195 229 270 289 404 440 460
130 43 45 50 127 137 195 213 232 235 276 321 414 440 466 488
131 10 13 34 61 93 230 379
132 15 42 65 274 352 372 379 398 410 488
133 261 280 302 436 473 481 488
134 74 110 178 192 209 275 276 311 351 363 374
135 84 100 108 144 199 245 272 300 331 440 447 456 462 490
136 77 140 234 241 284 289 402
137 4 126 130 290 401 444 475
138 52 82 86 90 97 103 223 241 244 306 307 386 413 434
139 8 34 128 149 172 185 242 273 294 374 428
140 51 129 136 231 234 297 319 365 397
141 13 18 239 442
142 54 71 75 221 405 415 474 488
143 31 100 109 147 165 215 253 259 354 496
144 55 110 135 158 174 261 322 406 453
145 80 292 308 350 355 367 418 430
146 24 62 243 357 362 393 408 490
147 38 45 143 232 255 306 341 431 441 452 463 467 478
148 68 164 174 226 233 249 334 357 387 412
149 0 26 116 139 315 317 351 376 390 407 451
150 178 232 326
151 83 177 254 343 453
152 41 49 192 219 227 295 319 325 356 421 468 470
153 89 176 393 408 428
154 51 127 254 324 382 445 454
155 73 83 95 228 270 383 480
156 67 72 125 234 297 304 428 448 464 470
157 41 67 75 84 117 217 252 460
158 9 95 144 194 211 326 332 473
159 42 207 266 290 313 346 358 370 381 433 476
160 24 100 288 291 307 326 407 458 489
161 24 57 410
162 76 102 180 200 308 353
163 3 6 28 180 207 255 452
164 17 34 148 312 320 421 467 489
165 44 61 64 143 234 270 360 398 399 429 462
166 46 294 403 438 496
167 51 83 85 205 262 302 454
168 16 61 106 108 125 223 229 354
169 16 49 110 171 190 192 220 363 499
170 3 268 324 426 432 498
171 4 106 129 169 180 197 296 357 474
172 33 53 77 83 103 139 228 232 244 279 283 370 441 463
173 106 110 430
174 15 144 148 175 404 420
175 72 80 118 174 233 321 401 435 457
176 56 153 204 282 313 324 352 374 425 485
177 119 151 233 401 411
178 92 134 150 194 210 228 327 360 395
179 14 33 38 288 307 355
180 37 76 94 127 162 163 171 182 413 478 493
181 12 68 69 241 361 457
182 83 129 180 264 447
183 0 50 58 66 104 300 333
184 54 61 185 189 207 226 290 309 333 393 497
185 13 14 127 139 184 294 308 464
186 115 325 328 332 333 376 480
187 82 203 214 263 299 310 331
188 21 220 295 303 347 371 393 394
189 20 66 76 184 203 360 499
190 51 169 222 224 291 366 379 382 486 498
191 20 101 192 213 475
192 134 152 169 191 194 235 253 282
193 61 90 198 239 291 486
194 75 84 106 111 158 178 192 199 210 254 314 372 433
195 38 50 129 130 352 364 429
196 17 212 260 348 388 452
197 8 47 171 263 295 332
198 32 193 305
199 53 55 63 76 135 194 203 256 288 314 348 411 435 462
200 51 162 288 497
201 217 351 369 407
202 52 75 86 122 268 278 299 385 423
203 113 187 189 199 210 407 440 449
204 12 60 176 261 399 428 438 444 448
205 62 167 267 285 384 457
206 49 76 83 95 116 268 416 430
207 24 159 163 184 224 246 292 381
208 101 116 122 270 429 491
209 102 116 134 272 298 319 498
210 35 178 194 203 285 328 472
211 72 158 256 332 395 423
212 46 50 72 196 402
213 2 8 39 130 191 218 248 391 396 464
214 187 265 269 321 478
215 143 248 267 352 367 393 468
216 67 267 343
217 22 127 157 201 224 359 373 380
218 25 59 68 213 227 320
219 152 482 496
220 83 169 188 435 446
221 142 451 469
222 27 190 345 426 435 477
223 77 138 168 287 356 377 411 420 429
224 79 101 190 207 217 344 445 451 496
225 0 63 73 85 116 345 457 485 497 498
226 61 148 184 283
227 23 113 152 218 293 334 465 484
228 155 172 178 265 268 369 392 462 497
229 62 129 168 374 388 423 426 480
230 68 131 255 295 308 349 434 453 490
231 98 140 259 308 318
232 1 18 107 112 117 125 130 147 150 172 439
233 69 148 175 177 281 456
234 95 136 140 156 165 239 284 406 458
235 49 57 75 111 119 130 192 430
236 90 283 336
237 97 315 332 491
238 28 64 243 247 290 321 327 417 419
239 12 29 61 87 99 141 193 234 290 312 347 363 413 416
240 58 338 350 368 398 400 449
241 78 105 136 138 181 293 368 386 401 407 445
242 13 82 139 390 401 416 480
243 5 146 238 355 372 454 455 497
244 108 138 172 399 463 480
245 6 107 135 258 299 327 372 476
246 20 22 207 249 319 320 351 431 443 455
247 54 61 238 301 307 342 433
248 11 27 36 74 93 213 215 280 334 349 355
249 2 50 148 246 281 314 404 441
250 2 11 103 111 337 371 372 497
251 86 311 421
252 20 157 373 392 422
253 4 10 90 143 192 290 319 365
254 49 115 151 154 194 316 320 323 337 361 425 451 461
255 60 61 67 70 96 147 163 230 407
256 18 20 36 59 71 114 199 211 292 413 443
257 75 279 346
258 1 69 77 245 442 469
259 2 43 56 143 231 265 297 339 363 387 452
260 53 196 281 358 386 418
261 133 144 204
262 34 167 382 441
263 42 60 70 187 197 355 382
264 10 37 182 324 335 390 404
265 25 78 83 214 228 259 276 353 374 401 411 447 473
266 69 71 159 287 352 373
267 97 205 215 216 268 326 349 423
268 43 170 202 206 228 267 295 321 375 457 458
269 52 214 366 373 417
270 18 48 65 100 129 155 165 208 287 417 454 480 494
271 32 315 337 368 398 459 468 483 489
272 135 209 299 345 421 443 462
273 5 100 139 305 391 392 430
274 7 125 132 308 359
275 21 31 134 277 302 350 386 455
276 26 43 52 113 130 134 265 321
277 7 26 114 122 275 328 383 436 460
278 33 202 309 356 384 463
279 172 257 288 336 338 384 413 418 439 464
280 98 133 248 317 338 376 380 431 464
281 233 249 260 320 359 410
282 96 104 176 192 293 363 382 435
283 172 226 236 289 333 366
284 95 118 126 136 234 373 394 437 447
285 205 210 396 438
286 100 314 337 367 369 390
287 82 124 223 266 270 347 381 406 443 495
288 26 28 83 120 160 179 199 200 279 322 373 413 452 494
289 39 129 136 283 413 417 472
290 17 83 109 114 127 137 159 184 238 239 253 419
291 160 190 193 298 388 422 462
292 10 145 207 256 363 380 396 426 459
293 13 227 241 282 319 383 385 422
294 17 28 43 75 139 166 185 344 466 484
295 12 41 76 88 119 120 152 188 197 230 268 333 374 381 483 486 496
296 23 86 98 112 171 335 360 410
297 4 25 32 54 101 140 156 259 301 357 487
298 7 209 291 353 495 499
299 10 51 83 187 202 245 272 425
300 68 135 183 340 370 428 445
301 50 247 297 442
302 5 30 40 88 133 167 275 314 375
303 19 121 188 307 331 338 459 465
304 107 120 156 337 403 470 481
305 30 74 124 198 273 400 412
306 27 110 138 147 325 357 409 449
307 75 112 138 160 179 247 303 314 316 360 479
308 2 42 101 145 162 185 230 231 274 349 350 465
309 184 278 321 383 391 405
310 42 187 351 386 453 475
311 13 64 107 134 251 394
312 20 36 164 239 317 468
313 50 159 176 343 391 457
314 22 194 199 249 286 302 307 398 425 450
315 8 49 88 149 237 271 317 364 382 400 456 459
316 88 254 307 317 366 373 384 412 433
317 46 149 280 312 315 316 323 370 378 412 469
318 1 78 121 231
319 14 86 97 140 152 209 246 253 293 431
320 71 92 164 218 246 254 281 390 497
321 29 83 130 175 214 238 268 276 309 332 416
322 1 67 144 288 376 437 483
323 254 317 333 408 411
324 14 86 154 170 176 264 339 410 441 476
325 71 152 186 306 363 373 396 404 405 460 479
326 65 70 92 127 150 158 160 267 330 351 383 449 481
327 178 238 245 340 365 405
328 49 186 210 277 360
329 484
330 11 21 47 70 326 373 405
331 59 66 119 135 187 303
332 70 73 158 186 197 211 237 321 377 443 496
333 11 14 183 184 186 283 295 323
334 64 121 148 227 248 365 423 428 436
335 41 124 264 296 359 366
336 47 236 279
337 118 250 254 271 286 304
338 78 240 279 280 303 430
339 259 324 387
340 23 125 300 327 425 488 499
341 53 98 105 125 147 385
342 39 75 80 247 363 390 418 448
343 151 216 313 351 423 434 441 453 485
344 65 76 87 224 294 422 459
345 222 225 272 372
346 41 63 127 159 257 405 431 488
347 17 18 37 188 239 287 431 467 478 488
348 47 196 199 410
349 12 61 76 117 230 248 267 308 417
350 53 145 240 275 308 436
351 53 57 134 149 201 246 310 326 343 353 354 368 373 417 447 449
352 54 106 132 176 195 215 266 370 385 437 469
353 61 64 85 162 265 298 351 402
354 109 143 168 351 365
355 22 26 33 106 145 179 243 248 263 368
356 17 152 223 278 459 465 466
357 118 146 148 171 297 306 475 495
358 23 97 159 260 423 443 473
359 6 55 217 274 281 335 376 421 452 455
360 7 47 78 165 178 189 296 307 328 419 443
361 181 254 365 432
362 49 146 392 419 450 453 483 499
363 76 92 134 169 239 259 282 292 325 342 373 430 460
364 72 195 315 396 465
365 3 45 95 140 253 327 334 354 361 374 394 460
366 63 111 190 269 283 316 335
367 4 15 124 145 215 286 410
368 2 66 119 120 240 241 271 351 355
369 73 101 201 228 286 433 459
370 76 159 172 300 317 352 387 418 455 485
371 23 27 188 250 396 406 487
372 97 132 194 243 245 250 345 402 439 476
373 30 104 217 252 266 269 284 288 316 325 330 351 363 438 475
374 52 109 134 139 176 229 265 295 365 407 423
375 72 77 268 302 390 395 426 499
376 41 71 149 186 280 322 359 450 459 476
377 69 223 332 434
378 15 106 317
379 131 132 190 492
380 76 217 280 292 384
381 124 159 207 287 295 445 455 488
382 2 83 154 190 262 263 282 315 417 428 433 455
383 5 26 103 155 277 293 309 326 455 487
384 45 55 72 205 278 279 316 380 406 461 476
385 90 202 293 341 352 487
386 102 138 241 260 275 310 434 482
387 61 75 121 148 259 339 370 471
388 41 50 73 196 229 291 400
389 98 109
390 60 67 117 124 149 242 264 286 320 342 375 458
391 20 213 273 309 313 438 440
392 43 103 228 252 273 362 427 499
393 8 146 153 184 188 215 415 460 463
394 107 188 284 311 365 421 479 489
395 178 211 375
396 68 213 285 292 325 364 371
397 34 75 125 140 499
398 94 103 124 132 165 240 271 314 408 444 445
399 44 65 77 86 165 204 244 415 420 421
400 24 82 96 240 305 315 388 455 457 460 477
401 11 76 137 175 177 241 242 265 418 473
402 26 67 83 136 212 353 372 406 496
403 24 54 72 166 304 457
404 38 102 106 129 174 249 264 325
405 88 142 309 325 327 330 346 438 472
406 144 234 287 371 384 402
407 16 149 160 201 203 241 255 374 460
408 76 81 115 146 153 323 398 417 478
409 16 19 76 82 306 495 498
410 18 132 161 281 296 324 348 367 439 464 499
411 39 100 177 199 223 265 323 412 460 482
412 0 6 51 112 148 305 316 317 411 450 461
413 20 27 138 180 239 256 279 288 289 447 464
414 27 56 72 117 130
415 51 74 142 393 399 417
416 69 79 100 206 239 242 321 471 484
417 2 35 46 50 56 81 238 269 270 289 349 351 382 408 415 453 455 465
418 79 102 145 260 279 342 370 401 436 442 492 494
419 55 238 290 360 362
420 174 223 399
421 31 52 75 152 164 251 272 359 394 399 428
422 13 30 45 252 291 293 344 432 456 479 484
423 32 72 202 211 229 267 334 343 358 374
424 0 45 100 127 490 492
425 42 176 254 299 314 340 432 460
426 170 222 229 292 375
427 7 41 69 392 457
428 94 118 139 153 156 204 300 334 382 421
429 165 195 208 223 435
430 19 67 127 145 173 206 235 273 338 363 449
431 30 42 43 53 66 73 89 90 147 246 280 319 346 347 443
432 56 98 170 361 422 425
433 18 41 159 194 247 316 369 382
434 20 47 50 67 97 138 230 343 377 386
435 60 175 199 220 222 282 429 450
436 39 43 133 277 334 350 418
437 284 322 352 496
438 34 166 204 285 373 391 405 494
439 84 232 279 372 410 441 470
440 129 130 135 203 391 455 477
441 147 172 249 262 324 343 439 484
442 67 79 141 258 301 418 466 480
443 104 114 246 256 272 287 332 358 360 431 468
444 78 81 119 137 204 398 470
445 43 65 154 224 241 300 381 398 494
446 27 88 125 220
447 40 135 182 265 284 351 413 448
448 53 77 117 156 204 342 447
449 90 203 240 306 326 351 430 483 489
450 314 362 376 412 435 483
451 41 76 114 149 221 224 254
452 4 80 88 147 163 196 259 288 359 465 475 492
453 93 144 151 230 310 343 362 417 484
454 9 74 154 167 243 270
455 22 38 108 243 246 275 359 370 381 382 383 400 417 440
456 135 233 315 422 459 463 499
457 64 89 104 110 175 181 205 225 268 313 400 403 427 480
458 4 29 39 81 160 234 268 390
459 0 78 271 292 303 315 344 356 369 376 456 465 484 487
460 67 111 129 157 277 325 363 365 393 400 407 411 425
461 254 384 412 467
462 1 5 14 40 54 56 135 165 199 228 272 291
463 4 17 147 172 244 278 393 456 483
464 106 125 156 185 213 279 280 410 413 483
465 36 42 61 76 125 227 303 308 356 364 417 452 459
466 116 130 294 356 442 480
467 28 61 147 164 347 461
468 8 152 215 271 312 443 491 492
469 48 221 258 317 352
470 112 152 156 304 439 444
471 8 387 416 482
472 113 210 289 405
473 32 61 127 133 158 265 358 401 477
474 76 142 171
475 32 65 137 191 310 357 373 452 488
476 46 159 245 324 372 376 384 491
477 1 9 222 400 440 473
478 11 19 85 147 180 214 347 408
479 5 22 123 307 325 394 422
480 75 104 155 186 229 242 244 270 442 457 466
481 0 5 75 109 121 133 304 326
482 219 386 411 471
483 11 12 17 114 271 295 322 362 449 450 463 464 496
484 9 42 56 63 227 294 329 416 422 441 453 459
485 18 50 99 176 225 343 370
486 29 34 60 69 190 193 295
487 18 115 297 371 383 385 459
488 44 48 68 130 132 133 142 340 346 347 381 475
489 0 52 103 111 125 160 164 271 394 449
490 7 135 146 230 424
491 59 208 237 468 476
492 76 104 379 418 424 452 468
493 50 180
494 23 78 270 288 418 438 445
495 86 115 287 298 357 409
496 54 67 143 166 219 224 295 332 402 437 483
497 184 200 225 228 243 250 320
498 59 170 190 209 225 409
499 169 189 298 340 362 375 392 397 410 456
