0 13 43 93 144 212 238 373
1 8 50 116 190 217 267 426 430 485
2 58 181 293 426
3 38 170 209 253
4 98 293 365 396 407 464 492
5 61 80 177 415
6 34 189 199 361 394 426 436 482
7 42 43 144 183 269 310 476
8 1 28 41 103 136 345 382
9 26 55 92 169 186 224 311 343 356 392 451
10 66 134 168 215 218 223 236 241 334 350 436
11 13 71 121 188 309 343 378 435 494
12 38 95 253 255 309 312 436
13 0 11 117 157 238 286 386
14 137 237 253 354 487
15 33 82 114 146 201 248 275 277 296 376 469 491
16 185 240 363 393 439 450
17 80 106 155 163 351 478 487
18 67 89 90 97 114 230 280 354 418 477
19 129 188 372 415
20 21 57 269 287 299 348 361 453
21 20 157 158 181 402
22 31 51 65 90 99 102 104 135 352 369 392 440 479
23 25 96 116 214 243 249 290 307 314 352 354 413 485
24 57 190 224 366 469
25 23 31 94 103 174 221 254 267 341 353 427
26 9 64 69 126 160 205 212 427
27 192 198 246 274 307 407
28 8 109 139 249 261 279 386 446 486
29 142 167 196 216 363 490
30 57 204 223 284 287
31 22 25 59 81 166 318 340 347 359 425
32 160 190 422 426 442 459 468
33 15 105 169 226 279 378 382 396
34 6 62 156 163 177 271 285 308 325 359 381
35 51 119 147 197 268 282 325 352
36 56 91 143 149 283 311 315 334 356 364 391 429 478
37 43 53 76 84 143 160 320 417
38 3 12 78 119 229 453
39 92 170 171 183 210 321 389 442
40 135 357
41 8 193 214 264 347 359 418 420 498
42 7 162 219 263 270 272 332 416 453
43 0 7 37 46 142 232 257 346 359 401 406 495
44 65 100 373
45 92 378 382
46 43 210 226 263 323 404 472
47 169 221 222 313 321 435 438 491
48 172 225 344 351 387
49 58 238 404 448 459
50 1 55 122 150 239 270 361
51 22 35 66 67 210 243 348 349
52 88 100 124 182 231 237 327 378 404 472 485
53 37 63 170 187 247 266 402 410 431 442 483
54 70 118 130 148 162 266 293 371 410 437 441 473 492
55 9 50 273 312 423 488
56 36 216 254 266 283 335 398 483
57 20 24 30 58 65 118 174 212 264 347 398 456
58 2 49 57 88 114 159 165 168 203 254 454
59 31 174 182 214 226 229 234 267 287 313 319 347 461 493
60 157 291 301 395 402
61 5 225 250 270 432 471 491
62 34 177 186 248 356 418 464 465
63 53 165 233 322 429
64 26 230 283 308 315
65 22 44 57 246 377 463 469
66 10 51 86 114 237 261 277 283 330 343 353 370 434
67 18 51 165 336 423
68 
69 26 85 135 180 249 257 261 294 317 411 417
70 54 96 157 214 258 286 383
71 11 135 183 280 387 411
72 114 128 185 305 387 399
73 88 95 110 185 347 405 464 498
74 102 141 173 201 225 248 269 400 417 444
75 173 214 262 371 485
76 37 223 258 262 266 291 362 414 418
77 300
78 38 130 148 328 384 467
79 212 213 283 303 391 431
80 5 17 88 90 148 249 429 434 449 450 467
81 31 147 198 268 304 333 357 429
82 15 97 105 276 352 377
83 165 198 263 285 298 323 327
84 37 163 256 378 396 426 434 471 478
85 69 445
86 66 105 133 160 205 301 410 416 479
87 142 255 317 320 391 425 462
88 52 58 73 80 139 318 494
89 18 131 149 158 251 288 372 474
90 18 22 80 220 249 289 356 476
91 36 159 358 492
92 9 39 45 126 142 168 176 189 312 369 382 433 471
93 0 183 215 353 467
94 25 186 195 240 299 431
95 12 73 104 126 190 239 280 287 298 398 470
96 23 70 104 123 135 141 325 411 429
97 18 82 291 326 491
98 4 100 108 141 203 214 265 329 362 363 364 400 430 439 461 497
99 22 109 129 261 280 426
100 44 52 98 205 213 231 236 302 352
101 165 185 200 305 349 374 393
102 22 74 310 326 342 343 405 491
103 8 25 120 138 145 192 306 359 385
104 22 95 96 120 211 263 309
105 33 82 86 135 168 197 214 238 247 289 469
106 17 256 366 367 451 464
107 438 451 490
108 98 213 295 385
109 28 99 182 259 291 442 443 445 459 484
110 73 149 176 241 318 458 486 492
111 123 161 163 325 361 369 475
112 123 172 189 334 351 372 377
113 117 154 191 255 356 398 426 460
114 15 18 58 66 72 261 281 289 438 445 451 479 486
115 149 179 228
116 1 23 141 238 243 342
117 13 113 147 289 356 383
118 54 57 135 144 226 242 253
119 35 38 144 291 311 312 346 440 466
120 103 104 188 241 358 471
121 11 280 300 494
122 50 202 227 234 319 363 379
123 96 111 112 193 242 258 338 354 427 434
124 52 125 140 153 166 211 281 289 385 413 420 423 451 472 488
125 124 271 298 451 483 499
126 26 92 95 329 332 385 399
127 145 169 232 244 363 375 432 464 473
128 72 136 190 201 230 246 259 301 317 466
129 19 99 172 280 382 411 425 460
130 54 78 135 138 142 187 222 317 332 372 420 436
131 89 231 389 394 402 426
132 
133 86 421 465 486
134 10 172 191 325 340 423 499
135 22 40 69 71 96 105 118 130 147 249 293 326 391 491
136 8 128 143 193 194 248 322 324 385 404 429
137 14 193 214 251 274 349 409
138 103 130 255 287 312
139 28 88 155 203 279 319 320 362 402 456
140 124 150 154 273 312 346 374 394 473
141 74 96 98 116 147 263 324 345 381 454 471
142 29 43 87 92 130 156 168 287 293 304 312 318 325 397
143 36 37 136 226 248 270 290 302 338 407 412 419 457
144 0 7 118 119 170 180 268 435
145 103 127 190 233 270 320 418 426 435 465 478
146 15 148 217 369 378 389
147 35 81 117 135 141 343 389
148 54 78 80 146 280 283 300 305 430 488
149 36 89 110 115 166 304 341 367
150 50 140 187 192 258 336 490
151 194
152 213 236 395
153 124 176 299 444
154 113 140 159 187 223 227 230 251 320 333 471
155 17 139 263 268 366 386 438 439
156 34 142 222 445 470
157 13 21 60 70 160 176 191 200 293 363 464
158 21 89 220 232 248 383
159 58 91 154 233 253 305 360 415
160 26 32 37 86 157 183 204 252 360 399
161 111 226 272 372 376 399
162 42 54 223 233 329 402 431 485
163 17 34 84 111 176 236 242 307
164 230 362 373 386 495
165 58 63 67 83 101 186 239 254
166 31 124 149 411 448
167 29 207 285 349 351 395
168 10 58 92 105 142 285 441 455
169 9 33 47 127 229 331 341 392 397
170 3 39 53 144 179 307 393 416 486
171 39 181 216 269 320 451
172 48 112 129 134 182 208 224 256 286 302 358 445 484
173 74 75 269 372 455 476
174 25 57 59 199 337 449 490
175 260 262 263 281 308 396 416 475 492
176 92 110 153 157 163 189 190 215 279 302 359 362 427
177 5 34 62 231 298 417
178 183 227 263
179 115 170 210 225 268 445 458
180 69 144 187 256 336 355 392 407 463
181 2 21 171 190 195 203 288 338 391 438
182 52 59 109 172 216 327
183 7 39 71 93 160 178 272 447
184 213 231 277 362 383 384
185 16 72 73 101 188 221 245 265
186 9 62 94 165 196 199 217 222 289 317
187 53 130 150 154 180 265 269 407 437 460 463 475
188 11 19 120 185 282 350 383 426
189 6 92 112 176 220 222 326 348
190 1 24 32 95 128 145 176 181 196 228 229 261 407 470
191 113 134 157 207 212 233 256 278 323 332 338
192 27 103 150 251 337 340 494
193 41 123 136 137 195 226
194 136 151 473
195 94 181 193 200 207 213 423 464 471 498
196 29 186 190 243 393 395 397 431
197 35 105 303 307 333
198 27 81 83 308 332 389 393 396 411 451
199 6 174 186 247 279 326 387 398 493
200 101 157 195 285 313 394 499
201 15 74 128 206 286 335 353 368 400
202 122 221 341 347 349 361 430
203 58 98 139 181 216 346 367 406 468 491
204 30 160 233 248 282 288 396 466 478
205 26 86 100 318 399 454 483
206 201 221 448
207 167 191 195 225 266 288 419 425 496
208 172 212 336 373 447
209 3 250 435 462 466
210 39 46 51 179 222 268 301 426 446
211 104 124 255 258 268 288 299 342 438
212 0 26 57 79 191 208 223 308 324 373 421 429 453
213 79 100 108 152 184 195 243 248 301 357 380 428 466
214 23 41 59 70 75 98 105 137 226 284 345 428 493
215 10 93 176 264 277 315 333 351
216 29 56 171 182 203 270 359 463 475
217 1 146 186 225 284 288 301 312 430 446 473
218 10 354 378 402 491
219 42 240 287 311 317 482
220 90 158 189 286 387 405 414 423 472
221 25 47 185 202 206 326 341
222 47 130 156 186 189 210 350
223 10 30 76 154 162 212 257 380 452 489
224 9 24 172 253 263 268 292 307 410
225 48 61 74 179 207 217 392 473
226 33 46 59 118 143 161 193 214 251 380 457 495
227 122 154 178 229 253 403 412 475
228 115 190 245 287 299 347 399 476 482
229 38 59 169 190 227 358 405
230 18 64 128 154 164 304 320 476
231 52 100 131 177 184 276 293 396 430 442
232 43 127 158 254 260 323 395 487
233 63 145 159 162 191 204
234 59 122 288 299 307 383 466
235 266 288 406
236 10 100 152 163 366 384 410 450
237 14 52 66 271 276 280 424 466 477
238 0 13 49 105 116 249 288 352 440 486
239 50 95 165 298 382 412 482
240 16 94 219 436
241 10 110 120 263 280 476 479
242 118 123 163 306 332 349 435
243 23 51 116 196 213 319
244 127 418
245 185 228 367 431 484
246 27 65 128 263 271 282 284 335 365 401
247 53 105 199 266 274 291 435 486
248 15 62 74 136 143 158 204 213 279 295 321 401 408 452
249 23 28 69 80 90 135 238 349 351 426
250 61 209 264 351 467 475
251 89 137 154 192 226 283 284 402 411
252 160 259 321 367 453
253 3 12 14 118 159 224 227 287 328 334
254 25 56 58 165 232 378 397 456 465 473 498
255 12 87 113 138 211 334 363 403 410 413
256 84 106 172 180 191 300 383 386 388 483
257 43 69 223 305 438 441 470
258 70 76 123 150 211 320 344 374 396 398 412
259 109 128 252 271 497
260 175 232 469 496
261 28 66 69 99 114 190 403 438 448 458 491 498
262 75 76 175 268 276 294 299 324 422 453
263 42 46 83 104 141 155 175 178 224 241 246 286 289 295 348 401 431 454 475 495
264 41 57 215 250 282 498
265 98 185 187 299 303 410
266 53 54 56 76 207 235 247 299 383 408 450 488
267 1 25 59 417
268 35 81 144 155 179 210 211 224 262 372 452 491
269 7 20 74 171 173 187 378 414 468 469
270 42 50 61 143 145 216 306 332 357 404 409 495
271 34 125 237 246 259 458 485
272 42 161 183 430 458 490
273 55 140 305 394 439
274 27 137 247 351 393
275 15 301 349 420 435 442
276 82 231 237 262 317 338 374 424
277 15 66 184 215 335 386 405 457
278 191 280 461
279 28 33 139 176 199 248 404 468 496
280 18 71 95 99 121 129 148 237 241 278 392
281 114 124 175 329 356 454
282 35 188 204 246 264 284 294 301 307 347 379 382
283 36 56 64 66 79 148 251 316 320 365 392 429
284 30 214 217 246 251 282
285 34 83 167 168 200 366 427
286 13 70 172 201 220 263 300 418 429 437 442 465 499
287 20 30 59 95 138 142 219 228 253 453
288 89 181 204 207 211 217 234 235 238 340 369 481
289 90 105 114 117 124 186 263 302 304 328 419 457 461
290 23 143 294 322 323
291 60 76 97 109 119 247 369 395 416 449
292 224 338 379 406 417 429
293 2 4 54 135 142 157 231 329 330 362 433
294 69 262 282 290 329 428
295 108 248 263 347 375 455 458
296 15 320 358
297 368 379 408 413 434 449 453
298 83 95 125 177 239 333 354 413 423 443 448
299 20 94 153 211 228 234 262 265 266 367 375 394 429 460 464 470 499
300 77 121 148 256 286 373 437
301 60 86 128 210 213 217 275 282 324 421 429 444
302 100 143 172 176 289 320 402 436
303 79 197 265 320 361 388 390
304 81 142 149 230 289 417
305 72 101 148 159 257 273 318 337 367 368
306 103 242 270 436 442 496
307 23 27 163 170 197 224 234 282 362 386 417
308 34 64 175 198 212 321 339 358 398
309 11 12 104 330 354 438 497
310 7 102 322 335 381 403 441 451
311 9 36 119 219 335 337 429
312 12 55 92 119 138 140 142 217 313 364 463
313 47 59 200 312 375 382
314 23 331 379 421 490
315 36 64 215 343 360
316 283 331 414 467 473
317 69 87 128 130 186 219 276 372 435 451
318 31 88 110 142 205 305 359 473
319 59 122 139 243 473 488 493
320 37 87 139 145 154 171 230 258 283 296 302 303 342 397 402 405
321 39 47 248 252 308 391
322 63 136 290 310 338 467
323 46 83 191 232 290 326 333
324 136 141 212 262 301 339 397 428
325 34 35 96 111 134 142 367 369 457
326 97 102 135 189 199 221 323 337 376 377 389 474 496
327 52 83 182 394 480
328 78 253 289 340 361
329 98 126 162 281 293 294 350 420 425 432 445 495
330 66 293 309 337 360 372 478
331 169 314 316 441 445
332 42 126 130 191 198 242 270 411 415 485
333 81 154 197 215 298 323 366 375
334 10 36 112 253 255 335 387 405 433
335 56 201 246 277 310 311 334 336 382
336 67 150 180 208 335 437 461
337 174 192 305 311 326 330 346 359 376 435
338 123 143 181 191 276 292 322 380 400 441 482
339 308 324
340 31 134 192 288 328
341 25 149 169 202 221 355 382 386
342 102 116 211 320 368 430 476
343 9 11 66 102 147 315 406 460 499
344 48 258 349 352 380 433 457
345 8 141 214 387 453 471
346 43 119 140 203 337 418
347 31 41 57 59 73 202 228 282 295
348 20 51 189 263 366 435 465
349 51 101 137 167 202 242 249 275 344 374 377 392 486
350 10 188 222 329 374 451
351 17 48 112 167 215 249 250 274 362 379 389 427
352 22 23 35 82 100 238 344 359 444
353 25 66 93 201 427 472
354 14 18 23 123 218 298 309 447 465
355 180 341 424 456
356 9 36 62 90 113 117 281 494
357 40 81 213 270 431 479
358 91 120 172 229 296 308 386
359 31 34 41 43 103 176 216 318 337 352 374 499
360 159 160 315 330 363
361 6 20 50 111 202 303 328 441
362 76 98 139 164 176 184 293 307 351 411 475
363 16 29 98 122 127 157 255 360 365 369 451 492
364 36 98 312 401 413 435 457 474
365 4 246 283 363 379 401
366 24 106 155 236 285 333 348 417 445 447 455 494
367 106 149 203 245 252 299 305 325 395 486
368 201 297 305 342 398 404 409 465
369 22 92 111 146 288 291 325 363
370 66
371 54 75 383
372 19 89 112 130 161 173 268 317 330 376 410
373 0 44 164 208 212 300
374 101 140 258 276 349 350 359
375 127 295 299 313 333 396 451 468 495
376 15 161 326 337 372 400 423 492
377 65 82 112 326 349 446 469
378 11 33 45 52 84 146 218 254 269 382 388 488
379 122 282 292 297 314 351 365 385 424 480
380 213 223 226 338 344 417
381 34 141 310 392 422 456
382 8 33 45 92 129 239 282 313 335 341 378 486
383 70 117 158 184 188 234 256 266 371 460
384 78 184 236 416
385 103 108 124 126 136 379 448 489
386 13 28 155 164 256 277 307 341 358 470
387 48 71 72 199 220 334 345 437 458 460 493
388 256 303 378 411
389 39 131 146 147 198 326 351 462 463 484
390 303 404
391 36 79 87 135 181 321 458
392 9 22 169 180 225 280 283 349 381 422
393 16 101 170 196 198 274 493
394 6 131 140 200 273 299 327 459 474 488 492
395 60 152 167 196 232 291 367 398 433 477
396 4 33 84 175 198 204 231 258 375 438
397 142 169 196 254 320 324 435 437 457 483
398 56 57 95 113 199 258 308 368 395
399 72 126 160 161 205 228 457
400 74 98 201 338 376 425
401 43 246 248 263 364 365 439 443
402 21 53 60 131 139 162 218 251 302 320 457
403 227 255 261 310
404 46 49 52 136 270 279 368 390 408 462
405 73 102 220 229 277 320 334 422
406 43 203 235 292 343 433 482
407 4 27 143 180 187 190
408 248 266 297 404 458
409 137 270 368 443 491 492
410 53 54 86 224 236 255 265 372 477
411 69 71 96 129 166 198 251 332 362 388 415
412 143 227 239 258 475
413 23 124 255 297 298 364 432
414 76 220 269 316 450 455 474
415 5 19 159 332 411
416 42 86 170 175 291 384 472
417 37 69 74 177 267 292 304 307 366 380 418 446
418 18 41 62 76 145 244 286 346 417 438 486
419 143 207 289 477 494
420 41 124 130 275 329
421 133 212 301 314 482
422 32 262 381 392 405
423 55 67 124 134 195 220 298 376 496
424 237 276 355 379 471
425 31 87 129 207 329 400 475
426 1 2 6 32 84 99 113 131 145 188 210 249
427 25 26 123 176 285 351 353 453 471
428 213 214 294 324 492
429 36 63 80 81 96 136 212 283 286 292 299 301 311 466
430 1 98 148 202 217 231 272 342
431 53 79 94 162 196 245 263 357 440 444 446 471
432 61 127 329 413 456 491
433 92 293 334 344 395 406 459
434 66 80 84 123 297 439 474 485 493
435 11 47 144 145 209 242 247 275 317 337 348 364 397 494
436 6 10 12 130 240 302 306 451
437 54 187 286 300 336 387 397
438 47 107 114 155 181 211 257 261 309 396 418
439 16 98 155 273 401 434 455 472
440 22 119 238 431
441 54 168 257 310 331 338 361 463
442 32 39 53 109 231 275 286 306 490
443 109 298 401 409 454 459
444 74 153 301 352 431 456
445 85 109 114 156 172 179 329 331 366
446 28 210 217 377 417 431 474
447 183 208 354 366 482
448 49 166 206 261 298 385
449 80 174 291 297
450 16 80 236 266 414 458 462
451 9 106 107 114 124 125 171 198 310 317 350 363 375 436 478
452 223 248 268 480 493 499
453 20 38 42 212 252 262 287 297 345 427 466 469
454 58 141 205 263 281 443
455 168 173 295 366 414 439
456 57 139 254 355 381 432 444
457 143 226 277 289 325 344 364 397 399 402 465
458 110 179 261 271 272 295 387 391 408 450 471
459 32 49 109 394 433 443 465
460 113 129 187 299 343 383 387 462
461 59 98 278 289 336 472 499
462 87 209 389 404 450 460
463 65 180 187 216 312 389 441 464
464 4 62 73 106 127 157 195 299 463 480
465 62 133 145 254 286 348 354 368 457 459 497
466 119 128 204 209 213 234 237 429 453 476
467 78 80 93 250 316 322
468 32 203 269 279 375
469 15 24 65 105 260 269 377 453 490
470 95 156 190 257 299 386 496
471 61 84 92 120 141 154 195 345 424 427 431 458
472 46 52 124 220 353 416 439 461 473
473 54 127 140 194 217 225 254 316 318 319 472
474 89 326 364 394 414 434 446 479
475 111 175 187 216 227 250 263 362 412 425
476 7 90 173 228 230 241 342 466
477 18 237 395 410 419 491
478 17 36 84 145 204 330 451
479 22 86 114 241 357 474
480 327 379 452 464 493
481 288 482
482 6 219 228 239 338 406 421 447 481
483 53 56 125 205 256 397
484 109 172 245 389
485 1 23 52 75 162 271 332 434
486 28 110 114 133 170 238 247 349 367 382 418
487 14 17 232
488 55 124 148 266 319 378 394
489 223 385
490 29 107 150 174 272 314 442 469
491 15 47 61 97 102 135 203 218 261 268 409 432 477
492 4 54 91 110 175 363 376 394 409 428
493 59 199 214 319 387 393 434 452 480
494 11 88 121 192 356 366 419 435
495 43 164 226 263 270 329 375
496 207 260 279 306 326 423 470
497 98 259 309 465
498 41 73 195 254 261 264
499 125 134 200 286 299 343 359 452 461
