0 241 287 349 354 413 416 425
1 105 117 182 329 375 396 412
2 4 224 235 266 311 440
3 73 102 169 223 276 356 358
4 2 64 143 185 192 220 291 335 357 379 421 438 442 481
5 9 41 79 142 179 258 318 369 432 494
6 204 205 218 253 397 431 485 499
7 58 338 354 403 413
8 46 80 145 196 289 299 322 326 367 486
9 5 145 182 190 225 330 335 427 452 457 466
10 153 162 244 258 318 368 398 470
11 34 58 83 150 199 202 283 308 344 486
12 25 70 133 143 277 286 385 483 494
13 39 147 190 198 204 212 273 283 334 434
14 58 65 93 147 165 169 263 322 372 387 432 439
15 88 90 200 360 383 398
16 21 90 134 172 286 323 468
17 52 95 107 141 243 304 346 347
18 38 68 109 239 311 351 488
19 159 283 308 375 457 470
20 56 107 110 154 199 203 234 263 281 348 402 415
21 16 58 106 141 251 261 347 420 440
22 44 123 138 148 212 330 338 358 419 469
23 36 116 154 182 324 326 421 449 480 482
24 55 82 193 196 267 306 374 467 483
25 12 79 136 200 240 338 377 429 477 482
26 103 104 190 229 245 334
27 36 57 72 76 162 229 266 285 431 473
28 232 332 351 363 403
29 53 62 85 177 201 207 338 350 352 445 462
30 66 69 134 180 191 214 267 309 384 394 474
31 62 94 110 116 178 213 214 283 291 303 324 338 350
32 57 91 155 159 200 295 343 364 380 403 442
33 40 281 285 354 409 451 494
34 11 40 59 71 136 162 219 254 363 374 376 409 432 491
35 74 80 277 380 456 488
36 23 27 58 209 280 355 462
37 77 94 252 374 391
38 18 360
39 13 176 373 374 419 448
40 33 34 97 105 111 189 198 343 398 454 478
41 5 52 82 98 103 121 148 173 176 178 263 321
42 67 119 212 461
43 50 63 176 191 240 244 259 288 329 401
44 22 125 141 146 174 188 304 370 464
45 54 69 109 127 152 249 280 480 494
46 8 135 157 241 275 429
47 140 189 350 432 451 496
48 119 140 278 413
49 54 170 442
50 43 81 145 243 333 376 437
51 78 189 335 390 452
52 17 41 61 122 219 265 284 333 367 378 447 449 485
53 29 344 363 487
54 45 49 90 102 127 236 288 372 382
55 24 79 131 212 261
56 20 108 243 244 252 293 317 350 478
57 27 32 187 207 298 316 409 456 496
58 7 11 14 21 36 168 182 303 354 374 430 494
59 34 62 184 194 218 230 248 337
60 99 139 189 224 225 240
61 52 125 131 161 405 406 468
62 29 31 59 78 126 154 271 322 353
63 43 90 94 118 141 241 405
64 4 86 229 252 272 286 377 408 444
65 14 163 219 234 285 309 327 342 408 452
66 30 113 122 196 217 331 382
67 42 116 334 449 476
68 18 138 259 264 387
69 30 45 123 256 459
70 12 97 278 288 310 387
71 34 87 103 111 113 168 170 230 234 312 382 430 443 491
72 27 173 215 344 417
73 3 106 194 215 224 246 317 342 486
74 35 130 170 181 191 206 239 361 406 419 465
75 122 128 150 162 205 262 421 498
76 27 101 107 111 129 234 293 327 346 441 474 479
77 37 136 155 192 264 286 398 433
78 51 62 89 297 339 416 431
79 5 25 55 81 83 85 105 181 236 328 340 404
80 8 35 200 275 448
81 50 79 187 235 257 329 389 423 488
82 24 41 123 149 198 221 236 384 389 451 460
83 11 79 156 206 244 342 428 454 476
84 100 174 187 257 379 433 494
85 29 79 171 234 346 378 426 452 477
86 64 164 196 343 426 434
87 71 112 151 172 279 333 398 444
88 15 374 423
89 78 143 202 240 305 330 398 400
90 15 16 54 63 136 209 246 325 362 365 496
91 32 172 191 231 237 255 368 407 436 470
92 161 235 242 247 294 355 422 437 445 458 478
93 14 175 209 215 242 347 360
94 31 37 63 102 121 244 251 439
95 17 99 103 208 211 256 381 421
96 171 256 271 362
97 40 70 138 152 257 365 372 382 396 421 422 428 439 473
98 41 155 224 253 285 415 460
99 60 95 164 302 309 341 347 459
100 84 103 116 193
101 76 124 131 177 279
102 3 54 94 164 229 236 339 354 381 430
103 26 41 71 95 100 300 357 398 407 496
104 26 121 220 271 288 354 378 447 483
105 1 40 79 231 442
106 21 73 190 294 350 362 395
107 17 20 76 117 139 162 201 315 401
108 56 154 184 280 299 387 397 420 471
109 18 45 144 199 236 274 301 392 395 470
110 20 31 114 163 238 285 351 385 394 414
111 40 71 76 150 195 228 239 289 445
112 87 133 306 373
113 66 71 155 250 298 303 306 406
114 110 121 271 476
115 123 136 154 204 242 256 311 318 331 437
116 23 31 67 100 195 205 330 335 355 361
117 1 107 201 366 454 474
118 63 247 265 315 325 430 470
119 42 48 394 399 426
120 
121 41 94 104 114 156 162 201 218 283 364 397 402
122 52 66 75 142 151 176 197 398 455
123 22 69 82 115 197 213 352 405
124 101 153 221 250 263 294 387
125 44 61 191 221 252 271 371 421 458
126 62 164 387 403 424 436 475 496
127 45 54 140 143 146 151 176 177 192 236 413
128 75 156 165 256 313 351 453 493
129 76 251 269 442
130 74 413 432 461 488
131 55 61 101 135 149 211 221 292 302 306 313 323 386 408 456
132 214
133 12 112 254 320 329 422 457
134 16 30 222 236 275 309 310 356 432 489
135 46 131 273 341 344 356 431 487
136 25 34 77 90 115 139 174 193 207 302 336 343 349 387 402
137 179 202 243 254 284 386 402 416
138 22 68 97 166 202 261 281 407 408 486
139 60 107 136 246 248 311 379 424 425 460 498
140 47 48 127 276 280 287 343 419 432 480
141 17 21 44 63 155 244 297 481
142 5 122 175 320 362 375 434
143 4 12 89 127 160 223 250 285 409 420 436
144 109 190 210 232 351 358 438
145 8 9 50 152 243 284 367 433 435
146 44 127 170 249 356 413 420 483
147 13 14 181 185 224 276 309 351 398 419
148 22 41 227 282 354 387
149 82 131 191 197 204 230 242 299 336 389
150 11 75 111 211 298 303 332 335 350 362 470
151 87 122 127 186 206 207 474
152 45 97 145 190 270 290 306 429 450 475
153 10 124 320 382 490
154 20 23 62 108 115 184 278 382
155 32 77 98 113 141 180 224 362 393 487
156 83 121 128 176 254 276 331 341 363 407 446 447 489 490
157 46 231 295 299 306 363 424
158 220 404
159 19 32 201 292 309 352
160 143 183 422
161 61 92 353 380
162 10 27 34 75 107 121 233 276 352 363
163 65 110 372 403
164 86 99 102 126 192 214 235 330 364 450 466 476
165 14 128 253 444 486 489 490
166 138 194 224 305 397
167 205 214 223 337 348 402 496
168 58 71 235 236 257 379 384 394
169 3 14 227 296 329 405 410 416 422 476
170 49 71 74 146 202 291 447 485
171 85 96 200 367 475
172 16 87 91 188 215 253 259 338 408
173 41 72 186 209 259 263 264 324 385 434 492
174 44 84 136 289 327 342 435 491
175 93 142 251 327 425 427
176 39 41 43 122 127 156 223 381 489
177 29 101 127 180 203 336 368 380 404 468 470
178 31 41 186 359 369
179 5 137 227 238 240 326
180 30 155 177 199 380 446
181 74 79 147 242 271 309 377 393 409 487
182 1 9 23 58 199 241 313 323 368 391 407 468
183 160 230 237 409
184 59 108 154 190 221 227 306 420 423 440
185 4 147 240 264 269 423 465
186 151 173 178 298 383
187 57 81 84 194 238 271 293 346 356 403 430 458
188 44 172 244 297 317 360 482 487
189 40 47 51 60 281 313
190 9 13 26 106 144 152 184 199 224 371 464 493
191 30 43 74 91 125 149 204 236 277 305 307 344 345
192 4 77 127 164 214 237 385 434 469
193 24 100 136 279 309 475 489
194 59 73 166 187 303
195 111 116 228 242 247 259 284 390 449
196 8 24 66 86 497
197 122 123 149 213 227 265 355 378 470
198 13 40 82 208 235 266 285 316 341 493
199 11 20 109 180 182 190 202 255 278 426 445 459
200 15 25 32 80 171 284
201 29 107 117 121 159 233 409 451 457
202 11 89 137 138 170 199 276 370 497
203 20 177 306 372 380 405 451
204 6 13 115 149 191 402 407 423 435 452 467
205 6 75 116 167 247 273 300 308 332 410 486
206 74 83 151 322 441
207 29 57 136 151 228 231 388 422 469
208 95 198 255 335 399 423
209 36 90 93 173 247 274 303 322 424 446 496
210 144
211 95 131 150 422 473 479
212 13 22 42 55 248 484
213 31 123 197 257 260 320 431
214 30 31 132 164 167 192 301 324 333
215 72 73 93 172 234 327 358 424 480
216 224 356 367 433 437 471
217 66 237 294 335 449
218 6 59 121 372
219 34 52 65 274 331 365 399
220 4 104 158 278 287 346 371 485
221 82 124 125 131 184 242 348 368 389
222 134 261
223 3 143 167 176 239 266 443
224 2 60 73 98 147 155 166 190 216 235 282 462 497
225 9 60 228 292 350 363 495
226 364 484 486
227 148 169 179 184 197 342 351 409 425 480
228 111 195 207 225 320 404 410 426
229 26 27 64 102 377 455
230 59 71 149 183 399
231 91 105 157 207 279 299 351 353 367
232 28 144 364
233 162 201 346 488
234 20 65 71 76 85 215 300 414 434 485
235 2 81 92 164 168 198 224 267 307
236 54 79 82 102 109 127 134 168 191 334 417
237 91 183 192 217 254 273 338 373 396 435 449
238 110 179 187 263 341 421
239 18 74 111 223 253 326
240 25 43 60 89 179 185 269 278 477
241 0 46 63 182 302 341 363 391 398 456 488
242 92 93 115 149 181 195 221 269 294 320 381 389 393 428
243 17 50 56 137 145 306 336 352 411
244 10 43 56 83 94 141 188 267 307 399
245 26 250 265 267 307
246 73 90 139 275 317 322 369
247 92 118 195 205 209 316 385 426
248 59 139 212 272 289 369 386 470 486
249 45 146 306 346 370 471 474 493
250 113 124 143 245 251 253 308 392 402 454 483
251 21 94 129 175 250 271 283 356
252 37 56 64 125 255 265 280 397 431
253 6 98 165 172 239 250 264 311 409 464 486
254 34 133 137 156 237 269 290 326 330 413 424 448 465
255 91 199 208 252 267 318 328 481
256 69 95 96 115 128 278 354 383 404 458
257 81 84 97 168 213 305 317 369
258 5 10 283 295 323 358 435 443 451 460 482
259 43 68 172 173 195 404 497
260 213 286 352 357 467 482 497
261 21 55 138 222 341
262 75 367 378 394 490
263 14 20 41 124 173 238 372
264 68 77 173 185 253 273 275 279
265 52 118 197 245 252 274 283 323 350
266 2 27 198 223 298 300
267 24 30 235 244 245 255 363 498
268 283 307 315 429 442 474 479
269 129 185 240 242 254 275 281 318 346 378 475
270 152 405 447 485
271 62 96 104 114 125 181 187 251 298 324 475 482
272 64 248 388
273 13 135 205 237 264 374
274 109 209 219 265 336 366 403
275 46 80 134 246 264 269 316 400 485
276 3 140 147 156 162 202 368
277 12 35 191 495
278 48 70 154 199 220 240 256 311 363
279 87 101 193 231 264 432 438 471
280 36 45 108 140 252 351 406 450
281 20 33 138 189 269 306 411 497
282 148 224 309 317 419 432 486
283 11 13 19 31 121 251 258 265 268 309 332 355 445 480 486
284 52 137 145 195 200 321 401 409 437 490
285 27 33 65 98 110 143 198 349
286 12 16 64 77 260 376 388 417 438 479
287 0 140 220 298 397 414 489
288 43 54 70 104 313 324 481
289 8 111 174 248 416 443
290 152 254 339 380
291 4 31 170 313 319 333 357
292 131 159 225 395 449
293 56 76 187 308
294 92 106 124 217 242 300 421 485
295 32 157 258 391 424 428 480
296 169 319 364 374 396 448 463 491
297 78 141 188 414
298 57 113 150 186 266 271 287 315 469 478
299 8 108 149 157 231 405 425 451
300 103 205 234 266 294 302 404 484
301 109 214 313 376 386 407 413 423 427 475
302 99 131 136 241 300
303 31 58 113 150 194 209
304 17 44 421 450
305 89 166 191 257 309 434 498
306 24 112 113 131 152 157 184 203 243 249 281 448 452
307 191 235 244 245 268 317 353 361 373 407
308 11 19 205 250 293 339 381 390 457
309 30 65 99 134 147 159 181 193 282 283 305 310 357 435
310 70 134 309 388 399 461
311 2 18 115 139 253 278 328 345 368 384 391 445 463 467 468
312 71 397 494
313 128 131 182 189 288 291 301 325 362 391 399
314 405
315 107 118 268 298 386 432 487
316 57 198 247 275 333 383 387 482
317 56 73 188 246 257 282 307 440 492 499
318 5 10 115 255 269 375 378 418 468 491
319 291 296 324 365 401 408 411
320 133 142 153 213 228 242 401 410 419 430 435 446
321 41 284 363 443 445
322 8 14 62 206 209 246 329 422 459 470 493
323 16 131 182 258 265 383 419
324 23 31 173 214 271 288 319 394 399 496
325 90 118 313 420 447
326 8 23 179 239 254 459 476
327 65 76 174 175 215 341
328 79 255 311 342 345 403 412 456
329 1 43 81 133 169 322 440
330 9 22 89 116 164 254 333 363 469
331 66 115 156 219 352 357 446 470
332 28 150 205 283 338 376 402 497
333 50 52 87 214 291 316 330 392 409
334 13 26 67 236 443 489 490
335 4 9 51 116 150 208 217 495
336 136 149 177 243 274 364 380 414 495
337 59 167 349 398 399 424 446 469 495
338 7 22 25 29 31 172 237 332 339 348 410 436 482
339 78 102 290 308 338
340 79 396 462 464
341 99 135 156 198 238 241 261 327 454
342 65 73 83 174 227 328 458 459
343 32 40 86 136 140 355
344 11 53 72 135 191 383
345 191 311 328 412 490
346 17 76 85 187 220 233 249 269 470
347 17 21 93 99 466
348 20 167 221 338 433
349 0 136 285 337 364 440 478 498
350 29 31 47 56 106 150 225 265 437 491
351 18 28 110 128 144 147 227 231 280 377 393
352 29 123 159 162 243 260 331 399
353 62 161 231 307 357 438
354 0 7 33 58 102 104 148 256 406 414
355 36 92 116 197 283 343 492
356 3 134 135 146 187 216 251 451
357 4 103 260 291 309 331 353 369 470 481
358 3 22 144 215 258 370 388 390 416 440
359 178 361 372 394 406
360 15 38 93 188 365 394 416 454
361 74 116 307 359 428 463 479 487
362 90 96 106 142 150 155 313 376 395
363 28 34 53 156 157 162 225 241 267 278 321 330 394 412 476 486
364 32 121 164 226 232 296 336 349 376 405 443 459 460
365 90 97 219 319 360 463
366 117 274 371
367 8 52 145 171 216 231 262 399
368 10 91 177 182 221 276 311
369 5 178 246 248 257 357 479
370 44 202 249 358 482
371 125 190 220 366 390 403 435 442 472
372 14 54 97 163 203 218 263 359 408 454
373 39 112 237 307 476
374 24 34 37 39 58 88 273 296 379 489
375 1 19 142 318 461
376 34 50 286 301 332 362 364 402 406 458
377 25 64 181 229 351
378 52 85 104 197 262 269 318 404 452
379 4 84 139 168 374 383
380 32 35 161 177 180 203 290 336 430
381 95 102 176 242 308 399
382 54 66 71 97 153 154
383 15 186 256 316 323 344 379 399
384 30 82 168 311 443 452 466
385 12 110 173 192 247
386 131 137 248 301 315 409 458 466
387 14 68 70 108 124 126 136 148 316 494
388 207 272 286 310 358 456
389 81 82 149 221 242 430
390 51 195 308 358 371 402 485
391 37 182 241 295 311 313
392 109 250 333
393 155 181 242 351
394 30 110 119 168 262 324 359 360 363
395 106 109 292 362 472
396 1 97 237 296 340 398 482
397 6 108 121 166 252 287 312 436
398 10 15 40 77 87 89 103 122 147 241 337 396 401 402 428 476
399 119 208 219 230 244 310 313 324 337 352 367 381 383 468
400 89 275
401 43 107 284 319 320 398
402 20 121 136 137 167 204 250 332 376 390 398
403 7 28 32 126 163 187 274 328 371
404 79 158 177 228 256 259 300 378
405 61 63 123 169 203 270 299 314 364 439
406 61 74 113 280 354 359 376 415 440
407 91 103 138 156 182 204 301 307
408 64 65 131 138 172 319 372 490
409 33 34 57 143 181 183 201 227 253 284 333 386 455
410 169 205 228 320 338 482
411 243 281 319
412 1 328 345 363 422 463 480
413 0 7 48 127 130 146 254 301 421 457
414 110 234 287 297 336 354 436 445 486
415 20 98 406
416 0 78 137 169 289 358 360 481
417 72 236 286 455
418 318 480
419 22 39 74 140 147 282 320 323
420 21 108 143 146 184 325 440
421 4 23 75 95 97 125 238 294 304 413
422 92 97 133 160 169 207 211 322 412 471
423 81 88 184 185 204 208 301
424 126 139 157 209 215 254 295 337 467
425 0 139 175 227 299 457
426 85 86 119 199 228 247 459
427 9 175 301
428 83 97 242 295 361 398 439 447 461
429 25 46 152 268
430 58 71 102 118 187 320 380 389 479
431 6 27 78 135 213 252 439
432 5 14 34 47 130 134 140 279 282 315 467 470 481
433 77 84 145 216 348
434 13 86 142 173 192 234 305
435 145 174 204 237 258 309 320 371 441 494
436 91 126 143 338 397 414
437 50 92 115 216 284 350 458
438 4 144 279 286 353 479
439 14 94 97 405 428 431
440 2 21 184 317 329 349 358 406 420 459 493
441 76 206 435
442 4 32 49 105 129 268 371 486 499
443 71 223 258 289 321 334 364 384 481 495
444 64 87 165 482 487 498
445 29 92 111 199 283 311 321 414
446 156 180 209 320 331 337 450
447 52 104 156 170 270 325 428
448 39 80 254 296 306 469 493
449 23 52 67 195 217 237 292
450 152 164 280 304 446
451 33 47 82 201 203 258 299 356
452 9 51 65 85 204 306 378 384 471
453 128 479
454 40 83 117 250 341 360 372
455 122 229 409 417
456 35 57 131 241 328 388 496
457 9 19 133 201 308 413 425 460
458 92 125 187 256 342 376 386 437
459 69 99 199 322 326 342 364 426 440 474 476 485
460 82 98 139 258 364 457 489
461 42 130 310 375 428
462 29 36 224 340
463 296 311 361 365 412 495
464 44 190 253 340 495 496
465 74 185 254 484 491 499
466 9 164 347 384 386
467 24 204 260 311 424 432 478
468 16 61 177 182 311 318 399
469 22 192 207 298 330 337 448
470 10 19 91 109 118 150 177 197 248 322 331 346 357 432
471 108 216 249 279 422 452
472 371 395
473 27 97 211
474 30 76 117 151 249 268 459
475 126 152 171 193 269 271 301 488
476 67 83 114 164 169 326 363 373 398 459
477 25 85 240
478 40 56 92 298 349 467 496
479 76 211 268 286 361 369 430 438 453
480 23 45 140 215 227 283 295 412 418 490
481 4 141 255 288 357 416 432 443
482 23 25 188 258 260 271 316 338 370 396 410 444
483 12 24 104 146 250
484 212 226 300 465
485 6 52 170 220 234 270 275 294 390 459
486 8 11 73 138 165 205 226 248 253 282 283 363 414 442
487 53 135 155 181 188 315 361 444
488 18 35 81 130 233 241 475
489 134 156 165 176 193 287 334 374 460
490 153 156 165 262 284 334 345 408 480
491 34 71 174 296 318 350 465
492 173 317 355
493 128 190 198 249 322 440 448
494 5 12 33 45 58 84 312 387 435
495 225 277 335 336 337 443 463 464
496 47 57 90 103 126 167 209 324 456 464 478
497 196 202 224 259 260 281 332
498 75 139 267 305 349 444
499 6 317 442 465
