0 22 70 71 157 171 184 206 268 335 460
1 28 72 85 179 195 237 262 271 388 429 462
2 140 241 362 415 476 499
3 22 35 41 105 133 200 210 315 445 455 458
4 5 77 89 90 108 179 240 243 269 365
5 4 105 137 173 189 275 359
6 198 222 305 306 337 390 439 483
7 15 284 345 400
8 64 68 142 237 258 270 317 326 370 387
9 117 216 224 439 463 468 484
10 14 31 107 184 315 332 478
11 72 77 97 120 135 195 223 233 385
12 140 163 341 372 491
13 41 104 111 168 174 228 260 266 294 330 332 377 495
14 10 28 144 182 261 484
15 7 111 114 214 275 400 423
16 20 39 66 219 228 452
17 208 354 356 372 390 392 468
18 22 73 206 209 256 306 327 390 479 486 487
19 44 80 85 113 122 155 230 273 391 497
20 16 23 161 328 432 472
21 28 235 262 375 417 457
22 0 3 18 35 64 70 124 246 256
23 20 58 124 277 338 351 357 394
24 29 53 128 250 318
25 41 95 120 239 348 408 412 445
26 80 174 234 296 310 327 332
27 47 49 102 143 154 158 222 372 468 472 488
28 1 14 21 153 208 261 366 440 445
29 24 52 74 137 186 358 494
30 92 241 388 459
31 10 34 69 88 243 262 430 433 446
32 54 110 144 231 240 271
33 183 215 344 441
34 31 77 126 133 227 350 466
35 3 22 37 106 165 235 272 337 361 455 482
36 144 244 271 278 295 297 364 422 437
37 35 73 79 101 285 364
38 41 91 112 187 192 210 329 459
39 16 190 307 433 438 485
40 105 148 177 445 474 483
41 3 13 25 38 49 109 131 143 164 238 270 283 287 288 339 413 422
42 57 197 245 246 303 392
43 74 135 147 230 486
44 19 120 135 143 156 315 365 400 403 434
45 52 199 270 314 320 376 382 475
46 118 134 195 206 302 305 405 444
47 27 232 360 445
48 50 114 128 131 176 220 251 425 452 453
49 27 41 90 262 274 314 351 443 457
50 48 127 149 262 306 442
51 123 166 275 373 430
52 29 45 263 415 498
53 24 145 176 181 197 231 329 356 366 404 431 492
54 32 105 225 371 372 413 459
55 225 271 355 366 374 414
56 84 85 94 132 229 277 325 348 365 372 392 412 471 499
57 42 237 245 274 343 368 380 467
58 23 75 131 135 226 230 254 449
59 112 324 383 392 455
60 114 123 142 166 212 278 335 336 380 386 394
61 105 142 167 199 249 355 422 431
62 158 176 200 220 238 282 458 489
63 200 244 307
64 8 22 82 92 105 182 197 230 288 306 365 380 459 491 492
65 245 280 289 325 402 499
66 16 101 221 298 316 495
67 126 292 417 473 489 495
68 8 78 175
69 31 78 146 281 299 414 432
70 0 22 164 181 402 417
71 0 187 201 244 380 384 457 465
72 1 11 91 119 122 125 222 295 359 431 440 480
73 18 37 164 256 263 284 315 336 352 373 421 454
74 29 43 146 167 168 236 296 326 346 354 414 463 469 472
75 58 176 215 238 253 396 402 409 473
76 264 279 328 373 376
77 4 11 34 108 219 273 334 394 416 418 497
78 68 69 81 102 162 265 329 373 434
79 37 88 121 127 139 248 326 329
80 19 26 111 151 275 283 331 334 345 395 457
81 78 88 113 153 213 331 351
82 64 130 147 203 258 327 402 476
83 93 383 454 469
84 56 147 193 222 266 300 482
85 1 19 56 110 127 179 259 320 354 370
86 136 158 171 230 258 274 316 327 343 361 373 449 473 483
87 126 152 243 255 435 442 499
88 31 79 81 173 284 357 360 438 492
89 4 99 143 339 401 454 468
90 4 49 189 417 494
91 38 72 93 160 192 240 296 338 439 446 471
92 30 64 96 150 217 344 358 409 476 495
93 83 91 185 240 437 495
94 56 147 376
95 25 128 224 346 377 444 480
96 92 242 356 449 478
97 11 246 344 388 453 481
98 146 187 215 363 486
99 89 198 283 311 430 434 471 480
100 192 271 339 464
101 37 66 110 262 272 293 389 442 469 476
102 27 78 184 274 317 328 443
103 306 397 418 425 466 475
104 13 145 154 162 342 479
105 3 5 40 54 61 64 111 134 163 183 339 460
106 35 164 299 330 331 366 421 466
107 10 186 236 262 316 328 330 352 388
108 4 77 163 203 263 335 393 394 452
109 41 116 168 289 302
110 32 85 101 207 243 271 381 456 460 464
111 13 15 80 105 175 204 210 230 239 259 304 339 402 465
112 38 59 136 142 163 192 245 284 313 327 404 407 467 472 493
113 19 81 239 279 341 381 386 387
114 15 48 60 136 137 292 407 448 465
115 141 202 368 490
116 109 151 155 185 232 248 299 368 369
117 9 373 449 498
118 46 147 182 186 190 249 279 436 443 474 487
119 72 328 487
120 11 25 44 152 199 281 327 349 414
121 79 209 306 334 420 485
122 19 72 134 258 297 399 453
123 51 60 176 418 461 471
124 22 23 153 246
125 72 127 131 140 337 401 421
126 34 67 87 155 167 179 193 253 291 356 429 466 470
127 50 79 85 125 165 219 220 253 303 330 416 423 434 438 487
128 24 48 95 130 171 190 289 340 344 346 375 479 486
129 181 193 208 303 337 477
130 82 128 166 257 349 479 488
131 41 48 58 125 229 244 258 262 269 316 420 430 436
132 56 150 197 251 292 316 393 426 446 498
133 3 34 173 482 484
134 46 105 122 145 248 255 338 408
135 11 43 44 58 210 244 447 473
136 86 112 114 284 360
137 5 29 114 211 246 353 414 482
138 144 162 186 325 451
139 79 178 249 260 302 336 345 373 405
140 2 12 125 174 344 383 419 453
141 115 158 225 245 253 336 348 489 490
142 8 60 61 112 239 268 322 437 463
143 27 41 44 89 252 347 409 426 488 489
144 14 32 36 138 152 240 278 279 339 415 498
145 53 104 134 233 423
146 69 74 98 172 258
147 43 82 84 94 118 201 272 287 289 311 420 463 489
148 40 166 273 307 330 363 365 499
149 50 188 239 460
150 92 132 223 288 458
151 80 116 192 311 329 380 386
152 87 120 144 153 160 207 255 476
153 28 81 124 152 159 177 190 197 241 386 396 413 445 464 468
154 27 104 201 246 338 360
155 19 116 126 293 462 481
156 44 227 346 379 418 460
157 0 168 268 455 476
158 27 62 86 141 324 480
159 153 252 332 359 423 431 447
160 91 152 169 226 340 362 451 497
161 20 203 222 226 234 271 309 404
162 78 104 138 191 284 357
163 12 105 108 112 169 253 300 319 425
164 41 70 73 106 223 273 445 455 468 493
165 35 127 215 217 305 339 371 404 467
166 51 60 130 148 176 240 305 419 443 471
167 61 74 126 240 294 299 312 318
168 13 74 109 157 256 407 454
169 160 163 196 199 211 212 217 249 430 432
170 272 367 382 399 421 438 494
171 0 86 128 220 232 418
172 146 182 222 267 334 367 385 398
173 5 88 133 200 265 303 311 374 405 415 429 463
174 13 26 140 205 348 380 389 444 450
175 68 111 300
176 48 53 62 75 123 166 203 213 336 364 380 430 442 474
177 40 153 268 293 296 330
178 139 209 223 246 405 474
179 1 4 85 126 339
180 198 344 444 468 491 496
181 53 70 129 303 345
182 14 64 118 172 196 209 222 279 302 400
183 33 105 265 361 438
184 0 10 102 327 348 405
185 93 116 226 228 229 284 362
186 29 107 118 138 191 241 260 300 380 383 416
187 38 71 98 232 304 334 410
188 149 222 253 277 342 357 410 442 443
189 5 90 190 265 316 338 369 419 444
190 39 118 128 153 189 262 436 453 470 476
191 162 186 199
192 38 91 100 112 151 195 231 249 316 326 339 438
193 84 126 129 288 334 400 411 421 458 467
194 200 269 343 362 379 464
195 1 11 46 192 207 225 244 298
196 169 182 245 272 331 334 353 475
197 42 53 64 132 153 322 327 414
198 6 99 180 201 213 233 248 376 420 480
199 45 61 120 169 191 211 238 260 402 441 481 485 486
200 3 62 63 173 194 338 380 395 448
201 71 147 154 198 248 345 366 375 381 414 441 459 463 494
202 115 242 253 315 422 434 436
203 82 108 161 176 309 313 327 335 358 373 439 492
204 111 322 351 376 389 404 490
205 174 311 337 367 460
206 0 18 46 243 253 298 323 332 337 365 393
207 110 152 195 344 369 393 469
208 17 28 129 213 246 376 393 405
209 18 121 178 182 398 425 491
210 3 38 111 135 274
211 137 169 199 215 267 424
212 60 169 326 456
213 81 176 198 208 251 325 354
214 15 230 261 284 414 455 468
215 33 75 98 165 211 246 258 319 336 396 407 442 443 478 486
216 9 290 317 344 345 377 404 420
217 92 165 169 330
218 261 387 415 488 489
219 16 77 127 356 359 372 386
220 48 62 127 171 311 351
221 66 249 316 335 377 429
222 6 27 72 84 161 172 182 188 251 287 357 383 385 487
223 11 150 164 178 302 469 483
224 9 95 280 302 322
225 54 55 141 195 313 322 385 421
226 58 160 161 185 294 393
227 34 156 326 478 488
228 13 16 185 427
229 56 131 185 278 356
230 19 43 58 64 86 111 214 312 353 444 476 485
231 32 53 192 241 372 428 449
232 47 116 171 187 257 352 442 460
233 11 145 198 282 294 404
234 26 161 279 318 377 408 460
235 21 35 275 283 298 368 435 471
236 74 107 258 265 318 353 404 460
237 1 8 57 319 427 472
238 41 62 75 199 243 411 423 468
239 25 111 113 142 149 240 258 300 364 450 485
240 4 32 91 93 144 166 167 239 281 414 420 449
241 2 30 153 186 231 364 479 494
242 96 202 389 399
243 4 31 87 110 206 238 276 334 355 360 393
244 36 63 71 131 135 195 260 289 309 318
245 42 57 65 112 141 196 255 293 340 344 375 376
246 22 42 97 124 137 154 178 208 215 362 385 417
247 255 341 367 487
248 79 116 134 198 201 305 330 341 352 363 372 397
249 61 118 139 169 192 221 269 270 371 384 456
250 24 346
251 48 132 213 222 273 341 350 431
252 143 159 286 303 338 365
253 75 126 127 141 163 188 202 206 323 380
254 58 356 367 464
255 87 134 152 245 247 322 323 339 341
256 18 22 73 168 297 329 343 364 454
257 130 232 332
258 8 82 86 122 131 146 215 236 239 260 391 399
259 85 111 311 358 427 428 455
260 13 139 186 199 244 258 277 312 357 414
261 14 28 214 218 290 456
262 1 21 31 49 50 101 107 131 190 310 352 414 435
263 52 73 108 283 367 465
264 76 273 338 341 466 471
265 78 173 183 189 236 303 388
266 13 84 276 294 367 397 435 463
267 172 211 288 290 325 331 343
268 0 142 157 177 388 406 444 445
269 4 131 194 249 289 353 370
270 8 41 45 249 274 445 460 490 497
271 1 32 36 55 100 110 161 318 355 487
272 35 101 147 170 196 329 386 421 463 488
273 19 77 148 164 251 264 292 356 364 370
274 49 57 86 102 210 270 350 368 456
275 5 15 51 80 235 317 345 356 416 425
276 243 266 366 491 499
277 23 56 188 260 287 329 353
278 36 60 144 229 283 311 462 470 479 481
279 76 113 118 144 182 234 336 346 370 379 384 433
280 65 224 293 385 407 459
281 69 120 240 312 328 347 463
282 62 233 411 413
283 41 80 99 235 263 278 296 300 361 413 435 470
284 7 73 88 112 136 162 185 214 346 403
285 37 398
286 252 317 336
287 41 147 222 277 342 423 449 484 486
288 41 64 150 193 267 392
289 65 109 128 147 244 269
290 216 261 267 315 337 378 409 453
291 126 313 374 388 465
292 67 114 132 273
293 101 155 177 245 280 294 353 400
294 13 167 226 233 266 293 392 424 441
295 36 72 312 352 380 412 477 479
296 26 74 91 177 283 325 413 427 449
297 36 122 256 301 306 395 419 463
298 66 195 206 235 354 450 476
299 69 106 116 167 303 335 366 393 405
300 84 163 175 186 239 283 302 405 426
301 297 304 370
302 46 109 139 182 223 224 300 362 464
303 42 127 129 173 181 252 265 299
304 111 187 301 477 488
305 6 46 165 166 248 318 370 418 423 474
306 6 18 50 64 103 121 297 343 364 439 462 496
307 39 63 148 330 331 363 449
308 380 472
309 161 203 244 353 413 441 498
310 26 262 396 439
311 99 147 151 173 205 220 259 278 323 329
312 167 230 260 281 295 369 394 399
313 112 203 225 291 452 453
314 45 49 342 372 378 420 451 471
315 3 10 44 73 202 290 326 328 348
316 66 86 107 131 132 189 192 221 363 382 394 404 497
317 8 102 216 275 286 354 355 383 498
318 24 167 234 236 244 271 305 427 458
319 163 215 237 331 367 374 433
320 45 85 323 471 492
321 384 392
322 142 197 204 224 225 255 369
323 206 253 255 311 320 349
324 59 158 370 383 389 408 487
325 56 65 138 213 267 296 455
326 8 74 79 192 212 227 315 427
327 18 26 82 86 112 120 184 197 203 338 400 425 438 440 445 478 490
328 20 76 102 107 119 281 315 364
329 38 53 78 79 151 256 272 277 311 331 382
330 13 106 107 127 148 177 217 248 307 371 426 430
331 80 81 106 196 267 307 319 329 412 442
332 10 13 26 159 206 257 430 441 448 458
333 386 403
334 77 80 121 172 187 193 196 243 352 378 458 476
335 0 60 108 203 221 299 388 428 459
336 60 73 139 141 176 215 279 286 351 475
337 6 35 125 129 205 206 290 401 422 433 436 451 473
338 23 91 134 154 189 200 252 264 327 349 380 398
339 41 89 100 105 111 144 165 179 192 255 450 499
340 128 160 245
341 12 113 247 248 251 255 264 363 368 395 397 484
342 104 188 287 314 439
343 57 86 194 256 267 306 397
344 33 92 97 128 140 180 207 216 245 441 470
345 7 80 139 181 201 216 275 400 431 454
346 74 95 128 156 250 279 284 442 463 487
347 143 281 353 354 372 409 492
348 25 56 141 174 184 315 352 367 416 419 491
349 120 130 323 338
350 34 251 274 373 382 484
351 23 49 81 204 220 336 375 469
352 73 107 232 248 262 295 334 348
353 137 196 230 236 269 277 293 309 347 366 424 439
354 17 74 85 213 298 317 347 364 404 462 471 472
355 55 61 243 271 317 410
356 17 53 96 126 219 229 254 273 275
357 23 88 162 188 222 260 364 419 430
358 29 92 203 259 363 405 436
359 5 72 159 219 450
360 47 88 136 154 243
361 35 86 183 283 405 406 454
362 2 160 185 194 246 302 365 396 397
363 98 148 248 307 316 341 358 364 471
364 36 37 176 239 241 256 273 306 328 354 357 363 439 489 497
365 4 44 56 64 148 206 252 362 452
366 28 53 55 106 201 276 299 353 443
367 170 172 205 247 254 263 266 319 348 408 435 445 471
368 57 115 116 235 274 341 369 374 469
369 116 189 207 312 322 368 398 419 492
370 8 85 269 273 279 301 305 324 443 448
371 54 165 249 330 399 454
372 12 17 27 54 56 219 231 248 314 347
373 51 73 76 78 86 117 139 203 350 411 435 436
374 55 173 291 319 368 448 457
375 21 128 201 245 351 425
376 45 76 94 198 204 208 245 383 451
377 13 95 216 221 234 443 481
378 290 314 334 394 437
379 156 194 279 427 430 444
380 57 60 64 71 151 174 176 186 200 253 295 308 338 409 464 478
381 110 113 201
382 45 170 316 329 350 383 423 440 469
383 59 83 140 186 222 317 324 376 382 404 499
384 71 249 279 321 429 435 483
385 11 172 222 225 246 280 403 426 459 483
386 60 113 151 153 219 272 333 444
387 8 113 218 439 498
388 1 30 97 107 265 268 291 335 407 411 460
389 101 174 204 242 324 428 454
390 6 17 18 432
391 19 258 418 420 452 462
392 17 42 56 59 288 294 321 409 418 493
393 108 132 206 207 208 226 243 299
394 23 60 77 108 312 316 378 445 453
395 80 200 297 341
396 75 153 215 310 362
397 103 248 266 341 343 362
398 172 209 285 338 369 400 435 482
399 122 170 242 258 312 371 409 418 476
400 7 15 44 182 193 293 327 345 398 459 484
401 89 125 337 495
402 65 70 75 82 111 199 438
403 44 284 333 385 414 415
404 53 112 161 165 204 216 233 236 316 354 383 432
405 46 139 173 178 184 208 299 300 358 361 413 495
406 268 361 409 455 456 470
407 112 114 168 215 280 388
408 25 134 234 324 367 441
409 75 92 143 290 347 380 392 399 406 499
410 187 188 355 433 455
411 193 238 282 373 388 464
412 25 56 295 331 418 431 484
413 41 54 153 282 283 296 309 405 461
414 55 69 74 120 137 197 201 214 240 260 262 403
415 2 52 144 173 218 403
416 77 127 186 275 348 427
417 21 67 70 90 246
418 77 103 123 156 171 305 391 392 399 412 425 447 470
419 140 166 189 297 348 357 369 478 482
420 121 131 147 198 216 240 314 391 448 498
421 73 106 125 170 193 225 272 480
422 36 41 61 202 337 477
423 15 127 145 159 238 287 305 382 464
424 211 294 353
425 48 103 163 209 275 327 375 418 432
426 132 143 300 330 385 493
427 228 237 259 296 318 326 379 416
428 231 259 335 389 475
429 1 126 173 221 384 474 498
430 31 51 99 131 169 176 330 332 357 379 466 492
431 53 61 72 159 251 345 412 441
432 20 69 169 390 404 425 485 486
433 31 39 279 319 337 410
434 44 78 99 127 202 457
435 87 235 262 266 283 367 373 384 398
436 118 131 190 202 337 358 373 442
437 36 93 142 378 465 495
438 39 88 127 170 183 192 327 402 455 473
439 6 9 91 203 306 310 342 353 364 387
440 28 72 327 382 460
441 33 199 201 294 309 332 344 408 431 486
442 50 87 101 176 188 215 232 331 346 436
443 49 102 118 166 188 215 366 370 377
444 46 95 174 180 189 230 268 379 386
445 3 25 28 40 47 153 164 268 270 327 367 394 476
446 31 91 132
447 135 159 418 466 467 473 478
448 114 200 332 370 374 420 468
449 58 86 96 117 231 240 287 296 307 459 479
450 174 239 298 339 359
451 138 160 314 337 376 463
452 16 48 108 313 365 391 490 497
453 48 97 122 140 190 290 313 394 458 494
454 73 83 89 168 256 345 361 371 389 487
455 3 35 59 157 164 214 259 325 406 410 438
456 110 212 249 261 274 406
457 21 49 71 80 374 434
458 3 62 150 193 318 332 334 453 491 499
459 30 38 54 64 201 280 335 385 400 449
460 0 105 110 149 156 205 232 234 236 270 388 440 480
461 123 413 480
462 1 155 278 306 354 391
463 9 74 142 147 173 201 266 272 281 297 346 451 492
464 100 110 153 194 254 302 380 411 423 468
465 71 111 114 263 291 437
466 34 103 106 126 264 430 447
467 57 112 165 193 447
468 9 17 27 89 153 164 180 214 238 448 464
469 74 83 101 207 223 351 368 382 480
470 126 190 278 283 344 406 418
471 56 91 99 123 166 235 264 314 320 354 363 367
472 20 27 74 112 237 308 354
473 67 75 86 135 337 438 447
474 40 118 176 178 305 429 490
475 45 103 196 336 428
476 2 82 92 101 152 157 190 230 298 334 399 445
477 129 295 304 422
478 10 96 215 227 327 380 419 447 499
479 18 104 128 130 241 278 295 449 482
480 72 95 99 158 198 421 460 461 469
481 97 155 199 278 377
482 35 84 133 137 398 419 479
483 6 40 86 223 384 385 494
484 9 14 133 287 341 350 400 412
485 39 121 199 230 239 432
486 18 43 98 128 199 215 287 432 441
487 18 118 119 127 222 247 271 324 346 454 499
488 27 130 143 218 227 272 304
489 62 67 141 143 147 218 364
490 115 141 204 270 327 452 474
491 12 64 180 209 276 348 458
492 53 64 88 203 320 347 369 430 463
493 112 164 392 426
494 29 90 170 201 241 453 483
495 13 66 67 92 93 401 405 437
496 180 306
497 19 77 160 270 316 364 452
498 52 117 132 144 309 317 387 420 429
499 2 56 65 87 148 276 339 383 409 458 478 487
