0 4 6 35 47 50 130 190 331 363
1 138 184 280 322 359 403 433 448 487
2 201 205 240 325 393 428 453 460
3 102 145 167 202 424
4 0 54 62 67 103 162 272 424 426
5 97 183 233 245 335 371 373 434 445 448 476 478
6 0 24 146 172 354 383 384 458 470 478
7 34 219 494
8 166 167 263 401
9 44 102 113 229 253 350 354
10 128 250 290 300 442 464 489
11 28 135 147 329 403 420 478 488
12 107 196 324 379 383
13 26 31 49 94 97 142 176 211 293 305 449
14 139 193 211 278 290 412 472 474
15 47 50 121 126 145 174 291 309 324 460
16 73 95 191 228 295 310 315 343 426 440
17 187 264 301 357 375
18 291 472 493
19 98 268 270 274 292 346 377 410 422
20 51 53 202 425 488
21 45 107 130 209 287 407 442
22 51 82 93 99 105 304 351 359 395
23 60 126 154 171 191 240 250 461
24 6 131 179 202 224 470
25 81 184 248 261 366 408 466 494
26 13 136 167 182 193 198 224 405
27 158 255 272 441 490
28 11 93 114 212 326 451
29 85 281 317 358 473 481
30 33 138 262 285 316 376 406 453
31 13 165 173 216 321 441 469
32 74 90 125 145 179 210 211 290 294 295 353 373 378
33 30 40 63 87 119 301 322 401 455
34 7 60 191 263 409 466
35 0 55 65 66 361 379 421 453
36 93 299 312 334 336 355 384 387 453
37 65 93 256 267 277 428 475
38 45 53 90 96 121 253 309 326 430 438 483 487
39 93 135 156 237 268 321 431 463
40 33 68 95 110 117 186 188 237 289 350 467
41 48 227 348 435
42 52 79 94 120 150 213 317 481
43 160 235 272 315 349 364 426 471
44 9 329 410 418 481
45 21 38 67 151 192 225 369 414 481
46 107 176 212 272 397 451 479
47 0 15 76 181 211 348 364 374 432
48 41 76 99 167 382 412 419 472
49 13 77 150 246 274 344 346 380 413 465
50 0 15 204 274 288 371 373 464
51 20 22 220 222 356 390 428 474
52 42 59 71 75 84 109 146 149 223 307 315 371 463
53 20 38 135 196 221 340 367 383 414
54 4 182 211 227 245 450
55 35 302 485
56 135 200 325 360 368 473
57 140 166 318 321 377 384 470 488
58 160 292 331 350 364 365 376 378
59 52 136 391 440 499
60 23 34 145 260 332 386 444 464 485
61 153 187 264 279 316 357 444 476
62 4 103 189 215 235 391 448 452 481
63 33 153 230 302 361 440 469
64 84 222 271 307
65 35 37 72 98 127 188 251 258 498
66 35 127 204 361
67 4 45 174 179 293 455
68 40 82 152 233 258 330 415 497
69 87 152 154 217 252 287 365 479
70 153 286 342 385 423 469 477
71 52 95 259 264 279 327 373 384
72 65 104 201 298 392 420
73 16 180 229 245 246 271 327 332 447
74 32 81 105 199 292 349 357 456
75 52 102 190 241 246 265 304 422 446
76 47 48 79 124 139 199 297 364 472
77 49 114 182 317 328 463 479 496
78 104 193 233 287 302 305
79 42 76 102 215 227 272 280 466
80 108 122 255 404 414
81 25 74 87 142 148 167 216 376 481
82 22 68 135 499
83 100 236 247 259 277 320 334 350 458 468
84 52 64 114 168 190 352 403 444
85 29 88 111 131 313 435 457
86 96 142 167 338 349 355 357 358 474
87 33 69 81 257 279 282 474 494
88 85 208 409
89 179 184 316 447 468
90 32 38 117 129 236 265 270 278 316 343 376 383 435
91 115 303 336 354 397 459 484
92 122 136 171 219 309 337 370 388 390 400
93 22 28 36 37 39 95 115 356 372 392 410
94 13 42 121 242 302 341 433
95 16 40 71 93 147 243 279 396 450 471
96 38 86 134 209 255 268 397 482
97 5 13 106 155 233 306 344 381 432
98 19 65 175 202 241 321 459
99 22 48 310 364 371 388 442 451
100 83 102 154 222 242 375 405 422
101 195 255 357 433
102 3 9 75 79 100 131 192 350 404 449 467
103 4 62 145 166 226 236 240 273 274 316 400
104 72 78 191 247 267 381 396 404
105 22 74 149 240 317 359 441 447 473
106 97 343 413 421 441 484
107 12 21 46 145 181 255 270 318 388 461
108 80 181 245 303 406 414 440 465 471
109 52 127 175 217 304 330 339 360 413 455
110 40 329 417 465
111 85 303 327 444
112 187 191 287 332 448 449 488
113 9 176 223 232 355 435
114 28 77 84 163 197 370 447 488
115 91 93 117 135 215 233 308 311 365
116 148 157 173 181 200 202 251 266 277 339 347 354 355 388 395 424 486
117 40 90 115 137 284 374 415 464
118 136 232 257 278 283 339 498
119 33 170 209 243 298 352 400 403 404 469
120 42 122 266 300 368 388 429 451 466 468
121 15 38 94 122 209 217 227 239 295 390 440 464 481
122 80 92 120 121 149 255 283 381 399
123 237 258 388 411 423 449 451
124 76 131 205 301 317 324 390
125 32 139 146 188 229 264 267 374 437 441 452 457
126 15 23 155 202 331 359 381 460 490
127 65 66 109 185 248 271 334 352 411 441 463 470
128 10 295 307 414 433
129 90 270 289
130 0 21 149 151 229 285 439 467
131 24 85 102 124 134 174 224 381 476
132 241 448
133 193 222 297 319 380 425 438 455 473 488
134 96 131 245 433 456 466 477
135 11 39 53 56 82 115 164 290 326 329 371 445
136 26 59 92 118 169 259 306 312
137 117 148 170 201 234
138 1 30 153 393
139 14 76 125 153 342
140 57 174 246 250 373 382 392 463 473
141 299 318 332 333 375
142 13 81 86 160 221 231 258 353 414
143 182 239 243 281 328 371 451
144 187 342 364 460
145 3 15 32 60 103 107 184 271 338 414 421
146 6 52 125 213 294 300 437 477
147 11 95 187 212 269 349 412
148 81 116 137 160 171 178 306 325 358 365 405 474
149 52 105 122 130 176 448 484
150 42 49 161 168 240 407 491
151 45 130 153 370 421
152 68 69 181 275 280 335 401 416 438
153 61 63 70 138 139 151 188 192 288 299 418 445
154 23 69 100 176 205 391
155 97 126 156 205 240 257 268 346 348 370 495
156 39 155 162 211 263 301 307 313 419 489
157 116 309 413 419 464
158 27 199 213 228 264 340 355 475 484
159 160 188 197 286 293 305 455
160 43 58 142 148 159 161 337 355
161 150 160 294 449 492
162 4 156 231 385 402 474
163 114 188 222 247 276 280 333 417 446
164 135 181 223 391 434 489
165 31 292
166 8 57 103 229 245 263 337 405 454 491
167 3 8 26 48 81 86 178 216 360 371 430 468
168 84 150 182 198 405 460
169 136 190 224 288 303 343 407
170 119 137 185 293 363 426 487
171 23 92 148 175 187 250
172 6 275 279 360 374
173 31 116 270 275 397 445 452
174 15 67 131 140 271 285 332 398 484
175 98 109 171 179 261 264 482 493
176 13 46 113 149 154 220 261 344 374
177 202 211 285 385
178 148 167 199 260 389 399 415
179 24 32 67 89 175 195 237 418
180 73 290 308 330 331 427 432 463
181 47 107 108 116 152 164 199 209 372 428 489 499
182 26 54 77 143 168 192 220 223 228 239 253 284 393
183 5 212 272 339 389 391 415 450
184 1 25 89 145 217 285 356 413 451 473
185 127 170 192 344
186 40 355 387
187 17 61 112 144 147 171
188 40 65 125 153 159 163 263 302 436 457 469
189 62 192 224 247 404 424 463
190 0 75 84 169 198 309 330 338 399 456
191 16 23 34 104 112 252 285
192 45 102 153 182 185 189 309
193 14 26 78 133 206 330 418 437 485
194 320 450
195 101 179 201 337
196 12 53 238 353 361 408 432 448
197 114 159 298 374 416 417 423 454 475
198 26 168 190 206 214 220 246 265 292 371 436
199 74 76 158 178 181 430
200 56 116 363 375
201 2 72 137 195 244 273 293 428
202 3 20 24 98 116 126 177 251 320 335 339 442
203 210 229 250 306 315 484
204 50 66 217 289 308 315 338 339 395 419 429 435 436
205 2 124 154 155 207 237 284 408
206 193 198 218 229 353 361 386 434
207 205 246 309 366 461
208 88 221 223 240 251 291 349 377
209 21 96 119 121 181 354 407 472
210 32 203 266 307 317 433 457
211 13 14 32 47 54 156 177 333 403 431 461
212 28 46 147 183 274 289 393 409 474 493 497
213 42 146 158 224 272 304 335 347
214 198 280 282 499
215 62 79 115 323 336 370
216 31 81 167 403 420 430 446 455
217 69 109 121 184 204 229 272 294 329 349 372
218 206 258 407 459 498
219 7 92 276 369 380 404 446
220 51 176 182 198 267 303 319 346 362 379 499
221 53 142 208 325 382 393 394
222 51 64 100 133 163 231 269 291 295 310 383
223 52 113 164 182 208 262
224 24 26 131 169 189 213 306 311 379 425 473
225 45 403
226 103 237 266 268 297 374 379
227 41 54 79 121 412
228 16 158 182 263 330 455
229 9 73 125 130 166 203 206 217 341 447 454
230 63 245 290 342 395 436 444 482
231 142 162 222 331 353 435 454
232 113 118 382 425 454 459
233 5 68 78 97 115 417
234 137 381 400
235 43 62 237 327 365 463
236 83 90 103 246 398 432
237 39 40 123 179 205 226 235 279 312 319 333 345 439 486
238 196 352
239 121 143 182 260 498
240 2 23 103 105 150 155 208 333 386 422 424
241 75 98 132 282 362 427 441 469
242 94 100 262 264 324 325 427 477
243 95 119 143 349 362 367 471
244 201 245 261 409 442 491
245 5 54 73 108 134 166 230 244 452
246 49 73 75 140 198 207 236 252 274 307 337 342 415 445
247 83 104 163 189 265 283 336 399 423
248 25 127 256 326 357 399 419 449
249 278 317 371 378 427 442 480
250 10 23 140 171 203 313 328 411 458
251 65 116 202 208 296 323 376 393 402 473 499
252 69 191 246 273 311 353 451 494
253 9 38 182 296 299 349 363 478
254 366 384 397 406
255 27 80 96 101 107 122 347 492
256 37 248 355 404 425 489 492
257 87 118 155 269 300 382 430 446 448
258 65 68 123 142 218 322 354 373 393 463 474
259 71 83 136 279 291 311 334 364
260 60 178 239 306 332 353 483
261 25 175 176 244 317
262 30 223 242 281 366 430 495
263 8 34 156 166 188 228 310 324 430
264 17 61 71 125 158 175 242 285 410 448 478 483
265 75 90 198 247 318 393 454 471 475
266 116 120 210 226 299 358 429 437
267 37 104 125 220 422 472
268 19 39 96 155 226 286 337 360 428 438 455
269 147 222 257 498
270 19 90 107 129 173 382 393
271 64 73 127 145 174 296 344
272 4 27 43 46 79 183 213 217 412 418 427 490
273 103 201 252 293 497
274 19 49 50 103 212 246 310 351 408
275 152 172 173 304 324 359 483
276 163 219 473 479 489
277 37 83 116 292 392 429 436 474
278 14 90 118 249 299 342 357 364 454
279 61 71 87 95 172 237 259 338 431
280 1 79 152 163 214 308 348 374 432
281 29 143 262 288 293 362
282 87 214 241 305
283 118 122 247 343 447
284 117 182 205 302 321 374 375
285 30 130 174 177 184 191 264 338 380 389
286 70 159 268 309 345 473
287 21 69 78 112 298 328 381 418
288 50 153 169 281 312 398 467 484 486
289 40 129 204 212 327 352 387
290 10 14 32 135 180 230 326 351
291 15 18 208 222 259 322 335 417 424 448 489
292 19 58 74 165 198 277 357 361 416 421 424 469 474 478
293 13 67 159 170 201 273 281 398 443 456
294 32 146 161 217 340 413 452 456 480
295 16 32 121 128 222 326 336 395
296 251 253 271 442 449 478
297 76 133 226 319 363 439
298 72 119 197 287 367 480 484
299 36 141 153 253 266 278 374 440
300 10 120 146 257 422 467
301 17 33 124 156 372 470
302 55 63 78 94 188 284 406
303 91 108 111 169 220 370 453
304 22 75 109 213 275 385
305 13 78 159 282 328 365 430 486
306 97 136 148 203 224 260 358 406 426
307 52 64 128 156 210 246 401 474
308 115 180 204 280 375 381 426 456
309 15 38 92 157 190 192 207 286 311 337 414 446
310 16 99 222 263 274 355 449
311 115 224 252 259 309 330 390 414 461
312 36 136 237 288 340 411 426
313 85 156 250 348 415 474 487
314 316 327 445 451
315 16 43 52 203 204 320 327
316 30 61 89 90 103 314 410 485
317 29 42 77 105 124 210 249 261 320 449 483
318 57 107 141 265
319 133 220 237 297 369 372
320 83 194 202 315 317
321 31 39 57 98 284 438 466
322 1 33 258 291 327 331 388
323 215 251 366 378 395 415
324 12 15 124 242 263 275 341 349 414 452
325 2 56 148 221 242 498
326 28 38 135 248 290 295 342 421 425 428
327 71 73 111 235 289 314 315 322 353 371 409
328 77 143 250 287 305 350 479 493
329 11 44 110 135 217 399
330 68 109 180 190 193 228 311 378 476
331 0 58 126 180 231 322
332 60 73 112 141 174 260 340 343 355 379
333 141 163 211 237 240 354 489
334 36 83 127 259 338 366 418 424 436
335 5 152 202 213 291 344 410 450 467
336 36 91 215 247 295 452
337 92 160 166 195 246 268 309 445 451 491
338 86 145 190 204 279 285 334 363 382
339 109 116 118 183 202 204 352 371 417
340 53 158 294 312 332 445
341 94 229 324 371 400 485
342 70 139 144 230 246 278 326 393 466
343 16 90 106 169 283 332 394 397 435
344 49 97 176 185 271 335 385 450 492
345 237 286 398 486
346 19 49 155 220
347 116 213 255
348 41 47 155 280 313 365 375 426 457 497
349 43 74 86 147 208 217 243 253 324 403
350 9 40 58 83 102 328 377
351 22 274 290 440
352 84 119 127 238 289 339 407 423 480
353 32 142 196 206 231 252 260 327 370 398 400
354 6 9 91 116 209 258 333 415 456
355 36 86 113 116 158 160 186 256 310 332 360 389 421 453
356 51 93 184 375 430 451 473 482
357 17 61 74 86 101 248 278 292 443 457
358 29 86 148 266 306 372 399 417 467 471 476 479
359 1 22 105 126 275 405 408
360 56 109 167 172 268 355 391 430
361 35 63 66 196 206 292 365 413 430 468
362 220 241 243 281 439 478
363 0 170 200 253 297 338 482
364 43 47 58 76 99 144 259 278 412
365 58 69 115 148 235 305 348 361 410 447
366 25 207 254 262 323 334 482
367 53 243 298 375
368 56 120 394
369 45 219 319 466
370 92 114 151 155 215 303 353 381 426
371 5 50 52 99 135 143 167 198 249 327 339 341
372 93 181 217 301 319 358 405 412 432 449 452 471
373 5 32 50 71 140 258 382 458 477
374 47 117 125 172 176 197 226 280 284 299 401 415 426
375 17 100 141 200 284 308 348 356 367 414 418 458 475 483 492
376 30 58 81 90 251 391 415 492
377 19 57 208 350
378 32 58 249 323 330 498
379 12 35 220 224 226 332 451 458
380 49 133 219 285 424 447 449
381 97 104 122 126 131 234 287 308 370 437
382 48 140 221 232 257 270 338 373 384
383 6 12 53 90 222 469 497
384 6 36 57 71 254 382 412
385 70 162 177 304 344
386 60 206 240 395 414 463 465
387 36 186 289
388 92 99 107 116 120 123 322 462
389 178 183 285 355
390 51 92 121 124 311 487 499
391 59 62 154 164 183 360 376 402 475
392 72 93 140 277 393 422
393 2 138 182 212 221 251 258 265 270 342 392 397 431 456 475
394 221 343 368 403 437
395 22 116 204 230 295 323 386 400 411
396 95 104
397 46 91 96 173 254 343 393 474
398 174 236 288 293 345 353 420 445
399 122 178 190 247 248 329 358
400 92 103 119 234 341 353 395 430
401 8 33 152 307 374 421
402 162 251 391 487
403 1 11 84 119 211 216 225 349 394 427 468
404 80 102 104 119 189 219 256 421 467
405 26 100 148 166 168 359 372
406 30 108 254 302 306
407 21 150 169 209 218 352 421
408 25 196 205 274 359 476
409 34 88 212 244 327 475
410 19 44 93 264 316 335 365 496
411 123 127 250 312 395 455
412 14 48 147 227 272 364 372 384 454 466 491
413 49 106 109 157 184 294 361 431 451
414 45 53 80 108 128 142 145 309 311 324 375 386 417 419
415 68 117 178 183 246 313 323 354 374 376 485
416 152 197 292 470
417 110 163 197 233 291 339 358 414 468 476
418 44 153 179 193 272 287 334 375
419 48 156 157 204 248 414 439
420 11 72 216 398
421 35 106 145 151 292 326 355 401 404 407
422 19 75 100 240 267 300 392 466 496
423 70 123 197 247 352 432 459
424 3 4 116 189 240 291 292 334 380
425 20 133 224 232 256 326 429 445 464
426 4 16 43 170 306 308 312 348 370 374 496
427 180 241 242 249 272 403 433
428 2 37 51 181 201 268 326 477
429 120 204 266 277 425 477
430 38 167 199 216 257 262 263 305 356 360 361 400 441 497
431 39 211 279 393 413 491 494
432 47 97 180 196 236 280 372 423 479 490
433 1 94 101 128 134 210 427
434 5 164 206 468
435 41 85 90 113 204 231 343 479
436 188 198 204 230 277 334 445
437 125 146 193 266 381 394
438 38 133 152 268 321
439 130 237 297 362 419 455
440 16 59 63 108 121 299 351 466
441 27 31 105 106 125 127 241 430
442 10 21 99 202 244 249 296 485 497
443 293 357 450 462
444 60 61 84 111 230
445 5 135 153 173 246 314 337 340 398 425 436 464
446 75 163 216 219 257 309 482 488
447 73 89 105 114 229 283 365 380
448 1 5 62 112 132 149 196 257 264 291 455
449 13 102 112 123 161 248 296 310 317 372 380 459
450 54 95 183 194 335 344 443
451 28 46 99 120 123 143 184 252 314 337 356 379 413 497
452 62 125 173 245 294 324 336 372
453 2 30 35 36 303 355
454 166 197 229 231 232 265 278 412
455 33 67 109 133 159 216 228 268 411 439 448
456 74 134 190 293 294 308 354 393 461
457 85 125 188 210 348 357 459 469 474 487
458 6 83 250 373 375 379
459 91 98 218 232 423 449 457
460 2 15 126 144 168
461 23 107 207 211 311 456
462 388 443 486
463 39 52 77 127 140 180 189 235 258 386
464 10 50 60 117 121 157 425 445
465 49 108 110 386
466 25 34 79 120 134 321 342 369 412 422 440
467 40 102 130 288 300 335 358 404
468 83 89 120 167 361 403 417 434 470
469 31 63 70 119 188 241 292 383 457
470 6 24 57 127 301 416 468
471 43 95 108 243 265 358 372 493
472 14 18 48 76 209 267 489
473 29 56 105 133 140 184 224 251 276 286 356
474 14 51 86 87 148 162 212 258 277 292 307 313 397 457
475 37 158 197 265 375 391 393 409 485
476 5 61 131 330 358 408 417
477 70 134 146 242 373 428 429
478 5 6 11 253 264 292 296 362
479 46 69 77 276 328 358 432 435 488
480 249 294 298 352
481 29 42 44 45 62 81 121
482 96 175 230 356 363 366 446
483 38 260 264 275 317 375 496
484 91 106 149 158 174 203 288 298
485 55 60 193 316 341 415 442 475
486 116 237 288 305 345 462
487 1 38 170 313 390 402 457
488 11 20 57 112 114 133 446 479
489 10 156 164 181 256 276 291 333 472
490 27 126 272 432
491 150 166 244 337 412 431
492 161 255 256 344 375 376
493 18 175 212 328 471
494 7 25 87 252 431
495 155 262
496 77 410 422 426 483
497 68 212 273 348 383 430 442 451
498 65 118 218 239 269 325 378
499 59 82 181 214 220 251 390
