0 6 73 151 360 366 401 437 462 468 476
1 15 30 40 92 123 159 264 393 443
2 21 136 182 257 292 475 492
3 282 366 474
4 105 159 198 219 257 280 322 482
5 61 84 98 109 139 151 154 165 187 370 376 443 449
6 0 26 102 209 305 315 340 351 470 473 488
7 110 124 148 157 184 199 232 363
8 22 81 239 254 304 331 344 412 426 434
9 12 82 128 147 198 258 293 294 298 443 467 496
10 34 43 162 186 290 314 328 344 375 402 433 454
11 41 144 361 378 406 454 462 467
12 9 24 37 55 110 125 188 333 480
13 181 290 408
14 60 70 105 251 283 357 473
15 1 166 330
16 65 70 119 122 166 201 253 467 482 493
17 37 41 113 119 186 196 230 237 245 299 322 357 404 427 460
18 127 135 144 162 171 262 281 302 358 405 407 422
19 39 130 225 253 266 269 281
20 64 102 155 197 296 304 381 382 447 450
21 2 59 62 100 109 191 195 200 209 237 378 396 487
22 8 132 325 409
23 116 223 465
24 12 166 178 195 325
25 28 190 225 245 294 426 497
26 6 29 158 302 457
27 113 187 445 485
28 25 41 72 79 198 221 236 390 429 435 472
29 26 46 177 201 219 232 315 333 351 371 423 462
30 1 160 209 489
31 90 101 104 217 237 437
32 48 75 97 179 234 354 359 379 382 454 479 497
33 208 241 299 328 334 389 451 474
34 10 193 258 303 308 327 349 413 434 456
35 67 106 174 252 287 357 362 475
36 168 178 203 213 364 488
37 12 17 60 78 98 114 172 251 325 373 420 471 488
38 89 144 212 261 311 372 389 444 461
39 19 82 84 121 297 363 417
40 1 100 118 119 195 248 258 271 415 451 468
41 11 17 28 268 451
42 60 145 156 256 295 457 464 484
43 10 101 108 262 361 375 381 424 464 488
44 105 142 302 344 381 389 402 456 460
45 82 137 224 237 401 413
46 29 77 189 224 442
47 54 93 153 183 320 381 484 493
48 32 68 85 92 104 169 196 307 377 427 462 489
49 57 61 132 248 289 312 316 319 446
50 124 215 305 354 387 394 465
51 55 389 402 462
52 97 151 192 260 305 313 463 469 476
53 76 260 270 302 347 374 396 431 443 474
54 47 111 205 225 275
55 12 51 117 280 331 337 480 494
56 119 196 210 224 342 384 462 485
57 49 205 237 242 252 286 293 336
58 65 126 133 152 202 222 288 369 377 403 414
59 21 77 139 169 273 303 312
60 14 37 42 167 341 379 430 490
61 5 49 90 106 107 130 193 196 222 230 431
62 21 102 137 197 385 474 498
63 77 199 312 328 405 438
64 20 143 154 321 401 409 454
65 16 58 121 130 258 276 314 411 461 462
66 81 99 129 350 381 477
67 35 212 245 265 314 335 351 393 497
68 48 155 185 263 340 350 360 367
69 144 264 322 354 372 410 494 498
70 14 16 103 176 248 260 320
71 159 164 260 271 309 321 366 441
72 28 242 295 484
73 0 233 235 292 346 382 412 471 497
74 81 94 122 126 264 276 308 309 320 367 406
75 32 100 269 320 360 387 389 425 493
76 53 81 121 173 262 285 391 433 450 472 486 491
77 46 59 63 198 232 259 285 296 490
78 37 87 230 334 466
79 28 89 93 119 226 227 348 363 384 409 448
80 82 220 231 458 482
81 8 66 74 76 98 118 240 354 374
82 9 39 45 80 121 182 223 227 233 381 481
83 115 126 160 173 323 328 371
84 5 39 128 165 198 311 320 388
85 48 87 103 113 222 234 323 399 456 473
86 101 147 226 262 265 389 415 428 488
87 78 85 160 178 192 234 235 273 276 298 488
88 156 211 330 402 412 415 444
89 38 79 113 277 441 445 473
90 31 61 162 220 304 337 425 441
91 115 215 230 254 286 321 325 354 411 418 473 487 498
92 1 48 114 213 257 299 338 355 412 450 456
93 47 79 128 204 222 442 494
94 74 145 169 207 228 357 383 384 399 435
95 211 337 415 437 480
96 143 455 494
97 32 52 143 161 193 257 380 384 422 435 440
98 5 37 81 232 276 286 365 471 499
99 66 101 321 456
100 21 40 75 101 104 129 185 217 359 363 376 380
101 31 43 86 99 100 264 323 332 443
102 6 20 62 277 351
103 70 85 298 357
104 31 48 100 165 178 181 378
105 4 14 44 118 157 255 271 275 441
106 35 61 181 301 338 368 401
107 61 178 285
108 43 227 252 307 321 335 347 393 463
109 5 21 110 150 355 446 479 489
110 7 12 109 117 134 326 350 376 413 443 481 490
111 54 126 182 356 398
112 122 133 159 205 241 276 381 416 437 459
113 17 27 85 89 119 201 205 247
114 37 92 184 216 306 364 430
115 83 91 197 210 259 317 389
116 23 148 253 414 477
117 55 110 228 446 463
118 40 81 105 127 274 277 419 439
119 16 17 40 56 79 113 128 145 232 237 277 284 304 325 343 432 433 471
120 121 183 203 286 314 395 463 464
121 39 65 76 82 120 212 250 330 349 471
122 16 74 112 166 183 258 291 479
123 1 185 196 300
124 7 50 194 246 319 368 372 413 414 461
125 12 143 165 281 418 453 480
126 58 74 83 111 187 211 304 319 354 411 458 489 496
127 18 118 135 254 425
128 9 84 93 119 140 157 231 234 298 415
129 66 100 154 157 173 191 422
130 19 61 65 318 360 399 423 476
131 161 173 180 185 260 348 367 379 429
132 22 49 133 180 206 225 381
133 58 112 132 206 303 359 375 408
134 110 227 249 253 277 401 492
135 18 127 144 172 174 226 314 337 346 431
136 2 256 324 326 342 407
137 45 62 138 207 216 286 343
138 137 185 224 337 365 378 465 468
139 5 59 283 409 418 450 455 470 474 495
140 128 174 182 203 235 297 332 446 455
141 142 215 319 429
142 44 141 148 253 347 374 379 412 424 456
143 64 96 97 125 215 326 365 403 468 469 472 495
144 11 18 38 69 135 328 361 431
145 42 94 119 224 247 353 450 468
146 153 211 231 249 264 452
147 9 86 163 287 323 470
148 7 116 142 189 286 302 365 398 405 407 432
149 157 207 237 359 370
150 109 207 286 395 412 413 429
151 0 5 52 168 211 281 299 425 430 487
152 58 163 191 313 410 416
153 47 146 264 274 327 336 363 477 484
154 5 64 129 318 375
155 20 68 190 197 220 304 342 408 431 486
156 42 88 176 256 263 288 297 308 325 342 440
157 7 105 128 129 149 182 263 291 307 383 441 444 471 496
158 26 265 305 417 461 467
159 1 4 71 112 208 226 253 416
160 30 83 87 225 267 326 343 404
161 97 131 190 240 259 369 388 496
162 10 18 90 253 408 412 414
163 147 152 183 241 245 253 257 352 363 402
164 71 165 197 234 334 413 476
165 5 84 104 125 164 176 324 329 407 417 427
166 15 16 24 122 196 331 369 455 485
167 60 249 269 302 349 354 366 385 464
168 36 151 186 208 300 479 491
169 48 59 94 322 325 471
170 175 176 384
171 18 191 314 333 370 483 486
172 37 135 193 236 252 449
173 76 83 129 131 202 294 390 399 406 417 485
174 35 135 140 186 220 259 341 343
175 170 184 198 228 241 285 307 405 406 408 426
176 70 156 165 170 251 261 348 400
177 29 179 362 377 397 398 460 483
178 24 36 87 104 107 234
179 32 177 200 239 377 421
180 131 132 413 435
181 13 104 106 211 276 327 443 460 467
182 2 82 111 140 157 192 281 289 313 362 423 440 476
183 47 120 122 163 209 211 274 301 320 384 405 457 495
184 7 114 175 197 347 352 435
185 68 100 123 131 138 203 224 275 324
186 10 17 168 174 266 286 295 377 384
187 5 27 126 268 319 366 384 424 464 486 488
188 12 270 340
189 46 148 237 346 453 471
190 25 155 161 354 462 490
191 21 129 152 171 217 240 244 278 279
192 52 87 182 254 285 480
193 34 61 97 172 205 211 220 236 275 293 495
194 124 240 300 302 465
195 21 24 40 357
196 17 48 56 61 123 166 219 286 354 415 417 445
197 20 62 115 155 164 184 227 233 328 421 451
198 4 9 28 77 84 175 297 362 465 490
199 7 63 225 310 468
200 21 179 214 229 324 436 478
201 16 29 113 260 322 336 393 401 416 487
202 58 173 240 274 276 384 442
203 36 120 140 185 246 266 339 355 470 475 492
204 93 246 249 403
205 54 57 112 113 193 342 379 409 420 446 461
206 132 133 207 246 304 436 448 484 490
207 94 137 149 150 206 284 384 481
208 33 159 168 227 248 330 418 445 495
209 6 21 30 183 229 280 327 412 463
210 56 115 273 275 360 421
211 88 95 126 146 151 181 183 193 336 348
212 38 67 121 331 350 419 447
213 36 92 294 339 452 454
214 200 306 340 373 463 464
215 50 91 141 143 239 298 396
216 114 137 300 449
217 31 100 191 237 261 368 478
218 248 310 337 380 384 415
219 4 29 196 288 291 292 307 372
220 80 90 155 174 193 245 306
221 28 355 383 437 450
222 58 61 85 93 265 302 381 437 459
223 23 82 250 295 361 408 444
224 45 46 56 138 145 185 276 325 384 390 477 485
225 19 25 54 132 160 199 345 380 387 474 496
226 79 86 135 159 253 304 440
227 79 82 108 134 197 208 292 309 405 407 427 486
228 94 117 175 242 310 395 420 467
229 200 209 323 388 491
230 17 61 78 91 267 334 339 383 462
231 80 128 146 319 406 488
232 7 29 77 98 119 263 334 355 380 468
233 73 82 197 281 315 340 438 483 491
234 32 85 87 128 164 178 257 422 483
235 73 87 140 362 425 433
236 28 172 193 473
237 17 21 31 45 57 119 149 189 217 303 372 393 425 429 443 470 487
238 487
239 8 179 215 349 363 443
240 81 161 191 194 202 341 398 415 427 449 450 460 485 486
241 33 112 163 175 277 331 421 460
242 57 72 228 335 350 364 450 472
243 395
244 191 344 497
245 17 25 67 163 220 268 303 456 481
246 124 203 204 206 459
247 113 145 278 361 424 434
248 40 49 70 208 218 254 287 389 481
249 134 146 167 204 320 488
250 121 223 254 310 360 383 445 486
251 14 37 176 300 314 463
252 35 57 108 172 283 352 392 475 496
253 16 19 116 134 142 159 162 163 226 307 385 497
254 8 91 127 192 248 250 286 418 490
255 105 488
256 42 136 156 326 355
257 2 4 92 97 163 234 308 380 407 433 475 477 499
258 9 34 40 65 122 295
259 77 115 161 174 360
260 52 53 70 71 131 201 294 329 333 387 421 472
261 38 176 217 299 303 417 460 468
262 18 43 76 86 292 330 415 434 462
263 68 156 157 232 342 348 357 379 452 478
264 1 69 74 101 146 153 272
265 67 86 158 222 377 403 467 475 478
266 19 186 203 322 340 357 368 415 435 493
267 160 230 427
268 41 187 245 302 339 373 376 413 431 448
269 19 75 167 288 305 404 459 491
270 53 188 343
271 40 71 105 285 299 360 386 459 497
272 264 463
273 59 87 210 309 333 405 493
274 118 153 183 202 299 393 405 437 495
275 54 105 185 193 210
276 65 74 87 98 112 181 202 224 339 417 442 474
277 89 102 118 119 134 241 380
278 191 247 283 352 414
279 191 293 364 390 450
280 4 55 209 353 361 385 484 488
281 18 19 125 151 182 233 290 300 310 414 496
282 3 287 468
283 14 139 252 278 295 398 467 484
284 119 207 320 328 354 389 456 483
285 76 77 107 175 192 271 290 308 387
286 57 91 98 120 137 148 150 186 196 254 389 411 438 483 497
287 35 147 248 282 370 389 452 471 494
288 58 156 219 269 383 440 476 486
289 49 182 354 435 463
290 10 13 281 285 323 369
291 122 157 219 292 340 354 394 395 396
292 2 73 219 227 262 291 316 352 412 420 437 441
293 9 57 193 279 326 360 463
294 9 25 173 213 260 349 371 381 465
295 42 72 186 223 258 283 325
296 20 77 325 334 410 483
297 39 140 156 198 340 382 433
298 9 87 103 128 215 313 341 351
299 17 33 92 151 261 271 274 329 369 461
300 123 168 194 216 251 281 369
301 106 183 380 407 428 435
302 18 26 44 53 148 167 194 222 268 319 471 495
303 34 59 133 237 245 261 327 364
304 8 20 90 119 126 155 206 226 330 434
305 6 50 52 158 269 317 324 347 382 434 442
306 114 214 220 324 388 416
307 48 108 157 175 219 253 371 411 494
308 34 74 156 257 285 333 402 448 487
309 71 74 227 273 328 332 389 409 460
310 199 218 228 250 281 419
311 38 84 388
312 49 59 63 381 419
313 52 152 182 298 364 397 401
314 10 65 67 120 135 171 251 343 389 435 463 491
315 6 29 233 347 370 392 420
316 49 292 349 438 463
317 115 305 422 498
318 130 154
319 49 124 126 141 187 231 302 323 357
320 47 70 74 75 84 183 249 284 439 477
321 64 71 91 99 108 370 467 473 499
322 4 17 69 169 201 266 331 360 371 396 416
323 83 85 101 147 229 290 319 331 367 442 471
324 136 165 185 200 305 306 474
325 22 24 37 91 119 156 169 224 295 296 335 340 346 405 479 495 497
326 110 136 143 160 256 293 381
327 34 153 181 209 303 392 422 437 478 488 490
328 10 33 63 83 144 197 284 309 349 367 424
329 165 260 299
330 15 88 121 208 262 304 360 493
331 8 55 166 212 241 322 323 367 431
332 101 140 309
333 12 29 171 260 273 308 375 411 450
334 33 78 164 230 232 296 441 457 478 481
335 67 108 242 325 372 406 436
336 57 153 201 211 407 413 421 454
337 55 90 95 135 138 218 376 446 491
338 92 106 353
339 203 213 230 268 276 421 444 499
340 6 68 188 214 233 266 291 297 325 354
341 60 174 240 298 377 379 394 444
342 56 136 155 156 205 263 448 481 498
343 119 137 160 174 270 314 460 487
344 8 10 44 244 441 449
345 225 454
346 73 135 189 325 381 385 408
347 53 108 142 184 305 315 479 493
348 79 131 176 211 263 359 360
349 34 121 167 239 294 316 328 372 470
350 66 68 110 212 242 440
351 6 29 67 102 298 445
352 163 184 252 278 292 409
353 145 280 338 354 386 482
354 32 50 69 81 91 126 167 190 196 284 289 291 340 353 377 385 436
355 92 109 203 221 232 256 394 425
356 111
357 14 17 35 94 103 195 263 266 319 365 397 420
358 18 369 436 439
359 32 100 133 149 348 416 479
360 0 68 75 130 210 250 259 271 293 322 330 348 368 463
361 11 43 144 223 247 280 495
362 35 177 182 198 235 367 370 397 480
363 7 39 79 100 153 163 239 382 465 466 480
364 36 114 242 279 303 313 455 478
365 98 138 143 148 357 419
366 0 3 71 167 187 478
367 68 74 131 323 328 331 362 463
368 106 124 217 266 360 402 463 482
369 58 161 166 290 299 300 358 405 441
370 5 149 171 287 315 321 362 393 446 449 462 482
371 29 83 294 307 322 380 453
372 38 69 124 219 237 335 349 392 423 473 493
373 37 214 268 393 478
374 53 81 142 491
375 10 43 133 154 333 471
376 5 100 110 268 337 471
377 48 58 177 179 186 265 341 354 420
378 11 21 104 138 392 397 449
379 32 60 131 142 205 263 341 416
380 97 100 218 225 232 257 277 301 371 489
381 20 43 44 47 66 82 112 132 222 294 312 326 346 406
382 20 32 73 297 305 363 385 419 434
383 94 157 221 230 250 288 420 437 454 486 488
384 56 79 94 97 170 183 186 187 202 207 218 224 475
385 62 167 253 280 346 354 382
386 271 353 404
387 50 75 225 260 285 428 434
388 84 161 229 306 311 477
389 33 38 44 51 75 86 115 248 284 286 287 309 314 404
390 28 173 224 279
391 76 431
392 252 315 327 372 378 476 488
393 1 67 108 201 237 274 370 373 425 463
394 50 291 341 355 421 435 457 494
395 120 150 228 243 291 421 467 474
396 21 53 215 291 322 397 417 467
397 177 313 357 362 378 396 467
398 111 148 177 240 283 402 474
399 85 94 130 173 449
400 176 417 472
401 0 45 64 106 134 201 313 445
402 10 44 51 88 163 308 368 398 458 488
403 58 143 204 265 407 423
404 17 160 269 386 389 426
405 18 63 148 175 183 227 273 274 325 369 427
406 11 74 173 175 231 335 381 409 486 496
407 18 136 148 165 227 257 301 336 403 453
408 13 133 155 162 175 223 346 426 460
409 22 64 79 139 205 309 352 406
410 69 152 296 414 426 441
411 65 91 126 286 307 333 472
412 8 73 88 92 142 150 162 209 292
413 34 45 110 124 150 164 180 268 336 442 465 479 493
414 58 116 124 162 278 281 410 440
415 40 86 88 95 128 196 218 240 262 266 466
416 112 152 159 201 306 322 359 379
417 39 158 165 173 196 261 276 396 400
418 91 125 139 208 254
419 118 212 310 312 365 382 428 447 471
420 37 205 228 292 315 357 377 383 436 494 498
421 179 197 210 241 260 336 339 394 395 449 456
422 18 97 129 234 317 327 472
423 29 130 182 372 403
424 43 142 187 247 328
425 75 90 127 151 235 237 355 393 431 495
426 8 25 175 404 408 410 473
427 17 48 165 227 240 267 405 442 451 453
428 86 301 387 419 457
429 28 131 141 150 237 430
430 60 114 151 429 490
431 53 61 135 144 155 268 331 391 425 444
432 119 148 475
433 10 76 119 235 257 297
434 8 34 247 262 304 305 382 387
435 28 94 97 180 184 266 289 301 314 394 457
436 200 206 335 354 358 420 493
437 0 31 95 112 221 222 274 292 327 383
438 63 233 286 316 465
439 118 320 358
440 97 156 182 226 288 350 414 490
441 71 89 90 105 157 292 334 344 369 410 495
442 46 93 202 276 305 323 413 427
443 1 5 9 53 101 110 181 237 239
444 38 88 157 223 339 341 431 446 480 484
445 27 89 196 208 250 351 401 459
446 49 109 117 140 205 337 370 444
447 20 212 419
448 79 206 268 308 342 470
449 5 172 216 240 344 370 378 399 421 496
450 20 76 92 139 145 221 240 242 279 333
451 33 40 41 197 427 495
452 146 213 263 287 484
453 125 189 371 407 427 494
454 10 11 32 64 213 336 345 383 465 483
455 96 139 140 166 364
456 34 44 85 92 99 142 245 284 421
457 26 42 183 334 394 428 435
458 80 126 402
459 112 222 246 269 271 445
460 17 44 177 181 240 241 261 309 343 408
461 38 65 124 158 205 299
462 0 11 29 48 51 56 65 190 230 262 370
463 52 108 117 120 209 214 251 272 289 293 314 316 360 367 368 393 472
464 42 43 120 167 187 214 472
465 23 50 138 194 198 294 363 413 438 454
466 78 363 415 478 487
467 9 11 16 158 181 228 265 283 321 395 396 397
468 0 40 138 143 145 199 232 261 282
469 52 143 471
470 6 139 147 203 237 349 448
471 37 73 98 119 121 157 169 189 287 302 323 375 376 419 469 488
472 28 76 143 242 260 400 411 422 463 464
473 6 14 85 89 91 236 321 372 426 497
474 3 33 53 62 139 225 276 324 395 398
475 2 35 203 252 257 265 384 432
476 0 52 130 164 182 288 392
477 66 116 153 224 257 320 388
478 200 217 263 265 327 334 364 366 373 466
479 32 109 122 168 325 347 359 413
480 12 55 95 125 192 362 363 444
481 82 110 207 245 248 334 342 494
482 4 16 80 353 368 370 485
483 171 177 233 234 284 286 296 454
484 42 47 72 153 206 280 283 444 452
485 27 56 166 173 224 240 482
486 76 155 171 187 227 240 250 288 383 406
487 21 91 151 201 237 238 308 343 466
488 6 36 37 43 86 87 187 231 249 255 280 327 383 392 402 471
489 30 48 109 126 380
490 60 77 110 190 198 206 254 327 430 440
491 76 168 229 233 269 314 337 374
492 2 134 203
493 16 47 75 266 273 330 347 372 413 436
494 55 69 93 96 287 307 394 420 453 481
495 139 143 183 193 208 274 302 325 361 425 441 451
496 9 126 157 161 225 252 281 406 449
497 25 32 67 73 244 253 271 286 325 473
498 62 69 91 317 342 420
499 98 257 321 339
