0 14 106 109 180 271 286 329 477
1 211 217 420 449 482
2 80 227 228 327 358 377 404
3 108 127 157 496
4 119 199 200 206 229 249 306 357 438 451 464
5 31 39 170 188 418 432 470 474 482
6 335 384 495 496
7 109 139 255 315 336 360
8 35 166 228 260 289 334 403 426 489
9 122 153 203 341 351 365 389 396 415 429 442 464 467 485
10 38 53 89 153 280 310 313 321 365 379
11 98 131 150 164 230 313 321 332 460 466
12 35 141 170 266 316
13 104 135 223 240 262 409
14 0 87 194 257 270 290 295 388 423 476 495
15 62 122 128 138 172 292 293 322 336 421 445 499
16 97 251 286 313 316 376 421 473 477 499
17 32 48 98 145 147 218 244 291 336 372 407 414 440 475
18 29 163 193 266 289 333 401
19 28 358 400
20 43 46 250 335 449
21 82 256 288 303 318 381 383 479
22 42 59 199 240 327 335
23 58 84 192 218 220 391 415
24 193 297 347 375 399 443 452
25 75 141 157 174 178 397 411
26 226 254 260 354
27 33 64 70 252 453 482
28 19 30 46 134 218 272 274 314 396
29 18 159 220 268 277 434 451
30 28 365 440
31 5 115 162 242 280 333 359 364 365 420 438 451
32 17 39 44 47 50 181 275 316 409 442 461
33 27 41 54 75 157 194 238 252 358 363 416 422 482
34 71 167 222 247 330 436
35 8 12 112 178 250 265 421 445 447
36 62 154 182 242 270 276 407 434 464 484
37 174 234 336 372 404 430
38 10 56 89 231 294 313 338 469 480 492
39 5 32 262 348 360 378 398 492
40 127 133 182 200 250 392
41 33 52 195 246 351 428 442 448 470
42 22 85 110 305 351 471 499
43 20 48 127 206 237 289 369 490
44 32 55 97 239 456 457 470 487
45 87 97 197 360 369 391 407 497
46 20 28 73 75 120 146 165 272 302 339 378 448
47 32 90 115 129 183 271 353 408
48 17 43 52 69 141 191 205 220 240 248 250 273 287 360
49 68 200 246 305
50 32 245 268 418 453
51 84 187 369 453 498
52 41 48 67 84 134 217 335 363 458 473
53 10 87 147 180 283 452 470 478
54 33 55 71 82 162 178 228 281 422 485 489
55 44 54 170 206 390 400
56 38 103 130 338 458 483
57 77 187 278 324 407 423 470 499
58 23 64 150 197 303 431
59 22 252 318 348 382 440
60 110 173 188 244 264 306 398
61 121 220 250 414
62 15 36 96 105 197 294 408 412 437 469
63 145 354 389 392 481
64 27 58 121 157 179 435
65 129 150 152 167 201 223 253 387 415 439 465
66 79 303 425 481
67 52 130 210 256 291 380
68 49 224 264 275 298 333 417
69 48 121 201 295 329 392
70 27 82 284 338 367 388 411 434 468
71 34 54 192 425 480
72 80 146 246 255 307 332 334 407 419 473 482
73 46 85 137 144 197 241 351 357 370 446 465
74 125 193 210 228 266 267 379 481
75 25 33 46 241 261 281 348 372 430
76 278 388
77 57 200 216 234 418 433 448 486
78 93 152 254 301 314 360 407 415 428 458
79 66 189 285 342 477
80 2 72 192 268 270 322 437 474 494
81 112 134 166 203 311 345 364 416 453 489
82 21 54 70 189 222 262 405
83 179 195 225 365 392
84 23 51 52 89 260 297 337 394 448
85 42 73 159 177 248 251 258
86 158 173 182 231 267 380 398
87 14 45 53 153 155 249 274 499
88 109 112 118 147 220 244 299 337 442 453
89 10 38 84 120 128 166 215 267 308 311
90 47 138 167 174 243 345 382 404 433
91 169 179 187 405 429 470 477 494
92 231 245 298 327 451 474 480
93 78 143 259 316 328 359 480 481
94 126 180 189 209 261 264 321 382 455 465 483
95 137 227 233 234 377 387 407 428
96 62 109 161 167 236 314 389
97 16 44 45 122 179 246 324 379 395 453 495
98 11 17 123 409 419 425
99 397 444
100 114 171 207 233 268 312 322 363 372 381 433 465
101 300 335 371 387 449
102 104 155 265 280 315 360 391 430 447 452 496
103 56 210 316 451
104 13 102 214 265 283 299 314 346
105 62 148 194 254 308 320 371 495
106 0 169 291 315 341 407 425 439 483
107 113 208 229 317 413
108 3 126 139 140 216 401 482
109 0 7 88 96 120 206 266 274 465 484
110 42 60 171 199 222 313 329 348 380
111 132 181 429 441
112 35 81 88 186 195 238 301 336 357 389
113 107 126 231 244 260 270 324 338 478
114 100 270 352 409 495
115 31 47 138 222 253 317 394
116 128 217 316 406 420 475
117 214 297 306 339 387 390 405 415 416 422
118 88 217 231 253 301 326 357
119 4 167 205 223 238 244 451 492 495
120 46 89 109 127 148 277 288 367 436 462
121 61 64 69 175 177 206 255 308 351 356 435
122 9 15 97 160 172 183 221 310 328 382 426 453 471 493
123 98 163 265 348 395 446
124 228 254 310 388 432 459
125 74 129 182 190 249 270 277 325 368 393
126 94 108 113 150 166 219 221 321 351 438 483
127 3 40 43 120 131 154 226 347
128 15 89 116 142 333 375 381 467
129 47 65 125 281 287 298 311 337 402 451
130 56 67 161 171 188 277 324 370 396 404 423 484 499
131 11 127 426 464
132 111 356 426 481 492
133 40 144 237 303 367 391 436
134 28 52 81 274 310 323 398 427
135 13 343 435
136 181 197 453
137 73 95 138 251 261
138 15 90 115 137 196 363 389 398 458 481
139 7 108 165 210 219 280 324 428 467
140 108 147 152 153 154 165 166 180
141 12 25 48 146 166 172 228 342 463 469
142 128 145 207 224 254 265 290 318 347 417
143 93 186 293 311 336 398 404 462 494
144 73 133 199 216 229 249 365 395 437 441
145 17 63 142 167 203 255 267 296 304 367 482
146 46 72 141 203 212 265 335 389 394 404
147 17 53 88 140 161 185 230 275 334 351 450
148 105 120 292 375 380
149 163 219 232 269 279 317 389
150 11 58 65 126 246 250 259 305 389 494
151 213 234 252 329 368 406 432 499
152 65 78 140 203 367 469 480
153 9 10 87 140 307 308 311 410 489
154 36 127 140 256 298 353 362
155 87 102 181 212 375 445
156 160 208 216 226 271 307 310
157 3 25 33 64 169 224 242 255 274 313 351 391
158 86 290 451
159 29 85 183 239 470 490
160 122 156 278 348 370 468 496
161 96 130 147 182 292 332 403 458 473 474 496
162 31 54 180 237 355 447 454 461 468
163 18 123 149 168 172 363 383 486 491
164 11 229 233 245 318 356 368 427 456
165 46 139 140 225 238 296 452
166 8 81 89 126 140 141 357 361 378 414
167 34 65 90 96 119 145 177 204 414 436
168 163 170 261 322 352
169 91 106 157 255 284 298 336 495
170 5 12 55 168 283
171 100 110 130 227
172 15 122 141 163 289 491
173 60 86 330 399 427
174 25 37 90 327 441 465
175 121 195 233 317 400
176 179 180 207 209 474
177 85 121 167 200 396 404 441 446
178 25 35 54 259 324 339 414
179 64 83 91 97 176 338 364 411 414 423 440
180 0 53 94 140 162 176 197 221 234 261 263 343 421 452
181 32 111 136 155 227 237 265 290 320 365 398 417 442
182 36 40 86 125 161 221 433 467 485
183 47 122 159 246 269 329 366 496
184 235 238 352 354 400 452
185 147 331 439 496
186 112 143 210 263 291 307 312 339 431 456
187 51 57 91 207 290 377
188 5 60 130 303 319 347 392 420 447 478 479
189 79 82 94 212 221 228 248 257 300 318 326 351 435 462 469 494
190 125 280 298 334 354 361
191 48 223 225 234 250 274 356 374 431 475 482
192 23 71 80 351 415 427 462
193 18 24 74 241 326 474 495
194 14 33 105 234 300 312 320 362 370
195 41 83 112 175 246 266 307 325 343 353 416 453 479 497
196 138 255 354 454 463 484
197 45 58 62 73 136 180 292 395 456
198 263 309 379 404 492
199 4 22 110 144 244 315 366 405 412 423 444 489
200 4 40 49 77 177 211 226 237 239 272 285 316 417
201 65 69 228 248 341
202 232 237 257 261 346 381 393 414 418
203 9 81 145 146 152 303 304 312 394 477
204 167 227 371 381
205 48 119 270 312 352 378 394 407 457 496 499
206 4 43 55 109 121 212 268 314 333 372 471
207 100 142 176 187 236 237 316 436
208 107 156 341 346 362 380 398 412 453 454
209 94 176 213 345 449 487
210 67 74 103 139 186 281 359 368 468
211 1 200 252 268 347 421 423
212 146 155 189 206 289 314 322 393 483 493
213 151 209 245 305 318 345 393 486
214 104 117 223 228 299 406 418 432
215 89 216 258 411 423 459 481
216 77 108 144 156 215 249 392 404 463
217 1 52 116 118 399 409 436
218 17 23 28 322 356 368 436 469
219 126 139 149 238 352 413 426
220 23 29 48 61 88 234 253 277 339 466
221 122 126 180 182 189 231 251 411 437 489
222 34 82 110 115 324 335 459 467 493
223 13 65 119 191 214 372 377 473
224 68 142 157 334 355 435 477
225 83 165 191 302 349
226 26 127 156 200 235 283 298
227 2 95 171 181 204 245 303 343 475
228 2 8 54 74 124 141 189 201 214 472
229 4 107 144 164 256 305 361 449 489
230 11 147 303 361 396 408
231 38 86 92 113 118 221 329 445 489
232 149 202 412 452
233 95 100 164 175 375 413 443 445 478 499
234 37 77 95 151 180 191 194 220 286 292 344 353 384 392 400 476 491
235 184 226 338 352 419 461
236 96 207 278 306 366 490
237 43 133 162 181 200 202 207 293 301 349 367 400 454 457
238 33 112 119 165 184 219 273 306
239 44 159 200 282 312 319
240 13 22 48 290 317 328 333 350 401 464 495
241 73 75 193 249 314 323 434
242 31 36 157 259 364 380 410
243 90 275 359 395
244 17 60 88 113 119 199 259 284 359 364 413 419
245 50 92 164 213 227 273 321 339 390 392 423 425 441 496
246 41 49 72 97 150 183 195 273 312 418
247 34 282 301 317 332 382 385 426 427 457
248 48 85 189 201 336 426
249 4 87 125 144 216 241 261
250 20 35 40 48 61 150 191 351 453
251 16 85 137 221 397 404 495
252 27 33 59 151 211 317 338 366 403 486
253 65 115 118 220 294 335 379 384 387 415 416 430 488 498
254 26 78 105 124 142 266 362 373 418 472
255 7 72 121 145 157 169 196 341 496 498
256 21 67 154 229 291 334 393 408 472 488 492 496
257 14 189 202 266 304 336 420 428 489
258 85 215 359 398 449
259 93 150 178 242 244 324 347 436 437
260 8 26 84 113 334 423 435 483
261 75 94 137 168 180 202 249 364 425 442 459
262 13 39 82 289 302 361 407 439 440 452
263 180 186 198 363 410 461
264 60 68 94 285 324 344 440 497
265 35 102 104 123 142 146 181 269 339 356 480
266 12 18 74 109 195 254 257 389 430
267 74 86 89 145 387 423 431 468
268 29 50 80 100 206 211 372 433 485
269 149 183 265 445
270 14 36 80 113 114 125 205 346 355 415
271 0 47 156 313 469 492
272 28 46 200 344 377 469
273 48 238 245 246 296 300 434 435 479
274 28 87 109 134 157 191 367 374 385
275 32 68 147 243 495
276 36 278 300 305 325 370 422 444 481
277 29 120 125 130 220 301 334 477 478
278 57 76 160 236 276
279 149 292 378 398 469
280 10 31 102 139 190 397 442 446 454 469
281 54 75 129 210 345 460 468 478
282 239 247 362 396
283 53 104 170 226 301 404
284 70 169 244 492
285 79 200 264 361 385 401 437 484
286 0 16 234 319 449
287 48 129 399 417 430 487
288 21 120 308 354 498
289 8 18 43 172 212 262 353 376 411 453 484 497
290 14 142 158 181 187 240 308 324 332 344 459 480 496
291 17 67 106 186 256 318 359 397 407 459
292 15 148 161 197 234 279 373 416
293 15 143 237 347 492
294 38 62 253 312 344 379 404 410 474
295 14 69 389
296 145 165 273 367 400
297 24 84 117 346 419
298 68 92 129 154 169 190 226 395 491
299 88 104 214 458 480
300 101 189 194 273 276 360 488 494
301 78 112 118 237 247 277 283 410 443
302 46 225 262 303 325 347 387 432 457 476
303 21 58 66 133 188 203 227 230 302 307 317 434
304 145 203 257 437 464
305 42 49 150 213 229 276
306 4 60 117 236 238 324 350 361 462 489
307 72 153 156 186 195 303 324 337 462
308 89 105 121 153 288 290
309 198 349 446
310 10 122 124 134 156
311 81 89 129 143 153 350 365 380 421 448 457 471
312 100 186 194 203 205 239 246 294 373 397 398 427
313 10 11 16 38 110 157 271 402 405 422
314 28 78 96 104 206 212 241 401 461 496
315 7 102 106 199 342 357
316 12 16 32 93 103 116 200 207 367 392 425 465
317 107 115 149 175 240 247 252 303
318 21 59 142 164 189 213 291 355 364 454
319 188 239 286 335
320 105 181 194 360 409 418 473
321 10 11 94 126 245 388 414 455
322 15 80 100 168 212 218 492
323 134 241 340 368 492
324 57 97 113 130 139 178 222 259 264 290 306 307
325 125 195 276 302 356
326 118 189 193 330 360 369 397 447
327 2 22 92 174 330 474
328 93 122 240 447 483
329 0 69 110 151 183 231 437 474 489
330 34 173 326 327 424
331 185 346 388 440
332 11 72 161 247 290 335 349 399 441 465
333 18 31 68 128 206 240 413 415 468
334 8 72 147 190 224 256 260 277 481
335 6 20 22 52 101 146 222 253 319 332 427 466
336 7 15 17 37 112 143 169 248 257 345 357 432 464
337 84 88 129 307 467 493
338 38 56 70 113 179 235 252 349 408 441 486
339 46 117 178 186 220 245 265 341 400 455
340 323 345 382 487 498
341 9 106 201 208 255 339 371 443
342 79 141 315 446
343 135 180 195 227 349 390 443 462
344 234 264 272 290 294 397 439 442 476
345 81 90 209 213 281 336 340 384
346 104 202 208 270 297 331 359 466 483
347 24 127 142 188 211 259 293 302 372
348 39 59 75 110 123 160 364 365 412 422
349 225 237 309 332 338 343 405 450 487
350 240 306 311 441 472
351 9 41 42 73 121 126 147 157 189 192 250 395 455
352 114 168 184 205 219 235 384 456 466 480
353 47 154 195 234 289 374
354 26 63 184 190 196 288 393 439 467
355 162 224 270 318 359 387
356 121 132 164 191 218 265 325
357 4 73 112 118 166 315 336 378
358 2 19 33 384
359 31 93 210 243 244 258 291 346 355 373 456
360 7 39 45 48 78 102 300 320 326 365 481
361 166 190 229 230 262 285 306 417
362 154 194 208 254 282 413
363 33 52 100 138 163 263 407 433 436
364 31 81 179 242 244 261 318 348 462
365 9 10 30 31 83 144 181 311 348 360 485
366 183 199 236 252
367 70 120 133 145 152 237 274 296 316 408 481
368 125 151 164 210 218 323 379
369 43 45 51 326 424 444 471 480
370 73 130 160 194 276 388
371 101 105 204 341 408 467 486
372 17 37 75 100 206 223 268 347 425 444
373 254 292 312 359 486 497
374 191 274 353 404 407
375 24 128 148 155 233
376 16 289 402 499
377 2 95 187 223 272 440
378 39 46 166 205 279 357 386 413
379 10 74 97 198 253 294 368 417 472
380 67 86 110 148 208 242 311 472
381 21 100 128 202 204 389 471
382 59 90 94 122 247 340 426
383 21 163 390 437
384 6 234 253 345 352 358 402 403 430
385 247 274 285 445 462
386 378 416 419 429 474
387 65 95 101 117 253 267 302 355 395 493
388 14 70 76 124 321 331 370 437 457
389 9 63 96 112 138 146 149 150 266 295 381 455
390 55 117 245 343 383 443
391 23 45 102 133 157
392 40 63 69 83 188 216 234 245 316 396 433 492
393 125 202 212 213 256 354 423 426
394 84 115 146 203 205 397 446
395 97 123 144 197 243 298 351 387 410 456
396 9 28 130 177 230 282 392
397 25 99 251 280 291 312 326 344 394 433 451
398 39 60 86 134 138 143 181 208 258 279 312 416
399 24 173 217 287 332
400 19 55 175 184 234 237 296 339 496
401 18 108 240 285 314
402 129 313 376 384 420 482
403 8 161 252 384 479
404 2 37 90 130 143 146 177 198 216 251 283 294 374 478 483
405 82 91 117 199 313 349 441
406 116 151 214 422
407 17 36 45 57 72 78 95 106 205 262 291 363 374
408 47 62 230 256 338 367 371
409 13 32 98 114 217 320 426 477 483
410 153 242 263 294 301 395 464
411 25 70 179 215 221 289
412 62 199 208 232 348 433 475 492
413 107 219 233 244 333 362 378 493 497
414 17 61 166 167 178 179 202 321 420 448
415 9 23 65 78 117 192 253 270 333 469 499
416 33 81 117 195 253 292 386 398 471 498
417 68 142 181 200 287 361 379
418 5 50 77 202 214 246 254 320 465
419 72 98 235 244 297 386 444 451
420 1 31 116 188 257 402 414 433 461
421 15 16 35 180 211 311 447 476 480
422 33 54 117 276 313 348 406 482
423 14 57 130 179 199 211 215 245 260 267 393 461 464 485
424 330 369 427 431 475
425 66 71 98 106 245 261 316 372 432 485
426 8 122 131 132 219 247 248 382 393 409 493
427 134 164 173 192 247 312 335 424 462 468
428 41 78 95 139 257
429 9 91 111 386 444
430 37 75 102 253 266 287 384 477
431 58 186 191 267 424 448 487
432 5 124 151 214 302 336 425
433 77 90 100 182 268 363 392 397 412 420
434 29 36 70 241 273 303 462
435 64 121 135 189 224 260 273 445 459 474
436 34 120 133 167 207 217 218 259 363
437 62 80 144 221 259 285 304 329 383 388 446
438 4 31 126
439 65 106 185 262 344 354 496
440 17 30 59 179 262 264 331 377 442
441 111 144 174 177 245 332 338 350 405 453 494
442 9 32 41 88 181 261 280 344 440 479
443 24 233 301 341 343 390 444 465 473 474
444 99 199 276 369 372 419 429 443 447 453 470
445 15 35 155 231 233 269 385 435 461
446 73 123 177 280 309 342 394 437 466
447 35 102 162 188 326 328 421 444 469 481 498
448 41 46 77 84 311 414 431 470
449 1 20 101 209 229 258 286
450 147 349
451 4 29 31 92 103 119 129 158 397 419 468 489
452 24 53 102 165 180 184 232 262 496
453 27 50 51 81 88 97 122 136 195 208 250 289 441 444
454 162 196 208 237 280 318
455 94 321 339 351 389 489
456 44 164 186 197 352 359 395
457 44 205 237 247 302 311 388
458 52 56 78 138 161 299 480
459 124 215 222 261 290 291 435 471
460 11 281
461 32 162 235 263 314 420 423 445 464
462 120 143 189 192 306 307 343 364 385 427 434 470
463 141 196 216
464 4 9 36 131 240 304 336 410 423 461 467 483
465 65 73 94 100 109 174 316 332 418 443
466 11 220 335 346 352 446
467 9 128 139 182 222 337 354 371 464 471
468 70 160 162 210 267 281 333 427 451
469 38 62 141 152 189 218 271 272 279 280 415 447
470 5 41 44 53 57 91 159 444 448 462
471 42 122 206 311 369 381 416 459 467 472 475
472 228 254 256 350 379 380 471
473 16 52 72 161 223 320 443
474 5 80 92 161 176 193 294 327 329 386 435 443
475 17 116 191 227 412 424 471 499
476 14 234 302 344 421
477 0 16 79 91 203 224 277 409 430
478 53 113 188 233 277 281 404
479 21 188 195 273 403 442
480 38 71 92 93 152 265 290 299 352 369 421 458
481 63 66 74 93 132 138 215 276 334 360 367 447 483
482 1 5 27 33 72 108 145 191 402 422
483 56 94 106 126 212 260 328 346 404 409 464 481 488 491
484 36 109 130 196 285 289
485 9 54 182 268 365 423 425
486 77 163 213 252 338 371 373 492
487 44 209 287 340 349 431 489
488 253 256 300 483 496
489 8 54 81 153 199 221 229 231 257 306 329 451 455 487
490 43 159 236
491 163 172 234 298 483
492 38 39 119 132 198 256 271 284 293 322 323 392 412 486
493 122 212 222 337 387 413 426
494 80 91 143 150 189 300 441
495 6 14 97 105 114 119 169 193 240 251 275
496 3 6 102 160 161 183 185 205 245 255 256 290 314 400 439 452 488
497 45 195 264 289 373 413
498 51 253 255 288 340 416 447
499 15 16 42 57 87 130 151 205 233 376 415 475
