0 97 255 280 402
1 16 274 287 300
2 177 219 262 309 367
3 166 183 196 227 265 272 292 351 399 405
4 89 94 102 105 114 135 157 205 322 493 496
5 29 202 276 283 352 429 468
6 55 67 109 113 149 233 269 431 470
7 8 48 89 107 156 212 217 331 340 435
8 7 46 153 314 336 345 355 406
9 70 116 133 172 174 220 240
10 44 136 221 265 303 320 376 388 444
11 26 32 113 137 177 180 202 241 275 292 313 333 365 465
12 116 172 227 230 302 399 427
13 104 156 251 254 314 351
14 84 226 309 335 346 347 401 445 467
15 22 34 74 82 101 105 117 157 366 395 462
16 1 35 96 194 251 305 353 358 397
17 62 140 155 171 342 397 405 433 435
18 201 284 320 334 365 375
19 21 387 412 418
20 118 127 236 252 269 330 364 391 472
21 19 33 79 164 237 249 271 427
22 15 42 75 86 99 205 273 321 448
23 63 147 234 278 297 334 395 425 450
24 78 80 98 252 266 404 465 491 499
25 117 137 201 236 276 281
26 11 30 61 90 176 248 442 448 489
27 47 138 292 302 303 347 383 398 438 448
28 64 171 213 216 233 250 341 363 364 386 496
29 5 109 285 369
30 26 171 177 302 408 428 459
31 63 173 251 351 368 451
32 11 122 196 235 291 322 343 344 345 378 433 467
33 21 54 205 220 424 449 457
34 15 97 104 152 172 239 295 377 439
35 16 102 152 157 204 214 347 443 496
36 204 208 298 313 353 404 471
37 164 308 375
38 56 104 216 257 314 364 394 418 490
39 41 121 186 361 429 458
40 200 261 292 322 351 358 384 395 492
41 39 106 158 292 437 445 485 490 493
42 22 55 103 131 143 182 205 335 338 357 370 383 396 465
43 139 159 220 337 380 417 454
44 10 72 165 176 213 258 305 319 396
45 237 319 324 345
46 8 102 187 188 217 240 282 401 413 428 487
47 27 137 146 179 250 285 349 374 389 434 494
48 7 59 113 137 153 187 237 267 275
49 51 84 96 226 354 375 391 430
50 54 121 153 417 439 470
51 49 58 125 187 292 328 425 473 474
52 68 94 142 145 156 158 267 296 358 359 386 478
53 82 272 280 343 374 383 387 421 440 453 494
54 33 50 147 211 290 309
55 6 42 112 125 293 310 478
56 38 164 184 190 261 306 340 416 419 452
57 105 273 289 294 303 332
58 51 75 137 214 488
59 48 167 179 180 283 399 486
60 122 153 227 304 437 471
61 26 66 92 187 242 260 294 312 424
62 17 96 172 206 211 213 255 275 341 361 429 440 479
63 23 31 159 178 194 209 236 266 270 291 433
64 28 73 122 215 275 315 372 380 465 498
65 452
66 61 162 477
67 6 85 160 215 217 235 352 411
68 52 87 93 101 139 320 401 472
69 86 113 243 398 491 499
70 9 119 147 315 343 381 439 443 459
71 225 232 347 361
72 44 264 291 312 378 379 392
73 64 163 187 365 387
74 15 85 94 99 150 420 436 449
75 22 58 185 343 402 427
76 106 209 221 261 331 460 496
77 324 371 391 429
78 24 81 112 202 258 354 368 377 476 478
79 21 215 236 267 281 304 325 340 436 457 463 481
80 24 183 189 221 237 303 316 350 380 447 460
81 78 83 150 318 335 353 412 442 482
82 15 53 97 251 294 311 404 433
83 81 100 165 198 448 477
84 14 49 174 226 253 291 302 335 438 474
85 67 74 202 209 283 291 354 384 396
86 22 69 290 297 435
87 68 172 223 239 305 363 394 402
88 120 121 127 189 210 217 251 306 318 345 432 450 453
89 4 7 216 240 300 361 454
90 26 105 184 265 389 477 498
91 158 223 324 459 491
92 61 115 203 220 243 483
93 68 95 223 260 279 438 444
94 4 52 74 101 188 219 228 457 494
95 93 119 163 209 241 290 457 490
96 16 49 62 123 124 182 186 227 241 271 305 342 462
97 0 34 82 101 254 413 465 467 481
98 24 294 312 356 427
99 22 74 141 322
100 83 104 285 329 359 388 484
101 15 68 94 97 102 398
102 4 35 46 101 166 288
103 42 221 327 341 356 365 416 468 482
104 13 34 38 100 156 167 180 272 359 390 402
105 4 15 57 90 122 136 159 266 368 440
106 41 76 118 190 205 212 229 231 252 349 380 428 435 489
107 7 197 206 291 430 462
108 141 248 391 479
109 6 29 198 391 414
110 270 306 425 491
111 214 232 249 259 273 290 352
112 55 78 178 180 331 347 432
113 6 11 48 69 205 398
114 4 160 288 320 342 369 428 431 481
115 92 148 161 374 412
116 9 12 128 308 325 358
117 15 25 146 201 245 280
118 20 106 171 202 205 219 459 472
119 70 95 242 289 291 306 465
120 88 230 256 304 305 364 408 411 413
121 39 50 88 136 228 250 364 452
122 32 60 64 105 181 202 361 428 475
123 96 154 209 236 364
124 96 127 181 192 301 346 347 370 403
125 51 55 147 198 282 356 365 441
126 182 356 401
127 20 88 124 201 226 353 410 491
128 116 280 340 497
129 136 142 207 243 365 408 422 434 486
130 186 307 357 410 481
131 42 166 265 285 292 444 459 473
132 162 266 317 331 346 388 391 448
133 9 168 273 347
134 198 362 364 366 371 374
135 4 272 463 486
136 10 105 121 129 145 211 272 341 352 432 472
137 11 25 47 48 58 296 486
138 27 141 146 160 190 240 254
139 43 68 200 212 248 271 311 332 388 400 431 468 494
140 17 190 210 213 223 249 253 277 381 396
141 99 108 138 145 181 341 382 416
142 52 129 156 195 277 323 332 342 373 380 388
143 42 160 187 237 256 275 346 374 397 460
144 216 260 322 354
145 52 136 141 473
146 47 117 138 199
147 23 54 70 125 216 338 379
148 115 319 440
149 6 296 367 372 409 468
150 74 81 172 204
151 238 279 342 357 360 366 404
152 34 35 161 224 312 459
153 8 48 50 60 228 264
154 123 173 275 372 391 440
155 17 189 240 300 308 316 358 364 388 453 459
156 7 13 52 104 142 274 290 302 326 459
157 4 15 35 181 242 256 259 263 297 318 327 357 452
158 41 52 91 235 275 287 362 425
159 43 63 105 315 389 421 469 479
160 67 114 138 143 213 305 330 360 488
161 115 152 210 249
162 66 132 191 245 274 325 375 484
163 73 95 170 195 198 242 245 268 273 446
164 21 37 56 217 303 338 358 384
165 44 83 313 388 408
166 3 102 131 196 233 340 346 348 351 369 470 498
167 59 104 201 227 330 363 415
168 133 201 259 304 308 341 380 455 474 487
169 253 344 358 360 388 389 413 443
170 163 179 206 324 433 456 467 485
171 17 28 30 118 195 219 254 360 406
172 9 12 34 62 87 150 228 238 253 321 368 370 418 447
173 31 154 287 303 333 356 363 388 406 411 487
174 9 84 176 191 232 247 262 336 437
175 209 355 404 407 413 438
176 26 44 174 239 355 474
177 2 11 30 254 402 498
178 63 112 291 309 324 326 435 458 463 480
179 47 59 170 184 196 238 274 287 329 373 404 464
180 11 59 104 112 272 276 280 294 368 388 422
181 122 124 141 157 214 325 368 420 468
182 42 96 126 232 342 360 396 433 434 496
183 3 80 191 264 387 395 398 433 442 462
184 56 90 179 193 210 402 474
185 75 253 324 400 490
186 39 96 130 221
187 46 48 51 61 73 143 302 316 358 379 468
188 46 94 233 240 241 252 253 258 399 425 458
189 80 88 155 208 258 340 349 358 367 402
190 56 106 138 140 243 280 284 294 355 371 427 448
191 162 174 183 304 354 398 399 427
192 124 227 268 345 367 372 382 477 478
193 184 238 309 407 458 490
194 16 63 224 251 285 296 300 317 339 465 475
195 142 163 171 228
196 3 32 166 179 199 201 279 323 421
197 107 214 430 454 475
198 83 109 125 134 163 217 226 253 259 296 357 449
199 146 196 202 255 357 432
200 40 139 330 467 485
201 18 25 117 127 167 168 196 204 216 250 261 307 311
202 5 11 78 85 118 122 199 220 287 354 471
203 92 332 386 406 420 434 438 451
204 35 36 150 201 209 310 368
205 4 22 33 42 106 113 118 354 451 466
206 62 107 170 230 266 334 399 427 435
207 129 280 304 460
208 36 189 226 413 443 481 488
209 63 76 85 95 123 175 204 212 224 228 356 419
210 88 140 161 184 463
211 54 62 136 271 297 357 417 466
212 7 106 139 209 377 405 456 480
213 28 44 62 140 160 335 491
214 35 58 111 181 197 215 234 262 299 320 366
215 64 67 79 214 431 440 445 493
216 28 38 89 144 147 201 242 247 292 314 402 405 432
217 7 46 67 88 164 198 349
218 238 300 316 352 432 449
219 2 94 118 171 339 362
220 9 33 43 92 202 349 397
221 10 76 80 103 186 290 333 373 415 426 450
222 262 270 290 291 324 383 458
223 87 91 93 140
224 152 194 209 236 326 333 355 369 449 457 477
225 71 228 407 421
226 14 49 84 127 198 208 244 255 375 433 466
227 3 12 60 96 167 192 344 439
228 94 121 153 172 195 209 225 298 343 451
229 106 467
230 12 120 206 277 280 488 490 496
231 106 261 391 425 433 489
232 71 111 174 182 287 297 375 378 392 483
233 6 28 166 188 315 399 429 440
234 23 214 241 331 352 382 483
235 32 67 158 265 337 397
236 20 25 63 79 123 224 407 454 475
237 21 45 48 80 143 416 472
238 151 172 179 193 218 482
239 34 87 176 242 336 378 496
240 9 46 89 138 155 188 259 441 449 467
241 11 95 96 188 234 345 371 478
242 61 119 157 163 216 239 286 288 315 335 357 361 401 425 442 477 490 495 499
243 69 92 129 190 389 419
244 226 327 371 430
245 117 162 163 257 270 314 346 418 451 478
246 
247 174 216 249 250 327 374 408 449
248 26 108 139 291 404
249 21 111 140 161 247 295 369 441
250 28 47 121 201 247 335 411 454
251 13 16 31 82 88 194 348 469 487 499
252 20 24 106 188 298 393
253 84 140 169 172 185 188 198 338 350 411
254 13 97 138 171 177 264 294 298 395 402 432 497
255 0 62 199 226 405 482 492
256 120 143 157 322 344
257 38 245 285 326 447
258 44 78 188 189 313 369 372 408
259 111 157 168 198 240
260 61 93 144 261 350 464 488
261 40 56 76 201 231 260 283 312 327 332 404 438 456
262 2 174 214 222 334 393 439
263 157 385 471 473
264 72 153 183 254 357 394 402 407 493
265 3 10 90 131 235 268 354 411
266 24 63 105 132 206 367 397 464
267 48 52 79 338 353 422 446 495
268 163 192 265 376 389 413 437 449 472 474 479
269 6 20 285 386 388 389 414 442 477
270 63 110 222 245 284 451
271 21 96 139 211 276 278 294 379 473
272 3 53 104 135 136 180 360 448
273 22 57 111 133 163 327 360 393 405
274 1 156 162 179 314 319 321 341 357 381 396 426
275 11 48 62 64 143 154 158 428
276 5 25 180 271 392 466
277 140 142 230 346 354 465
278 23 271 328 405 415 446 486
279 93 151 196 292 331
280 0 53 117 128 180 190 207 230 377
281 25 79 307 376 429
282 46 125 305 311 366 418 492
283 5 59 85 261 341 343 367 474 478 485
284 18 190 270 336 351 386 416 429 442 459 474 476
285 29 47 100 131 194 257 269 289 317 439 486
286 242 326 347 381 463 466 477
287 1 158 173 179 202 232 322 427 469 490
288 102 114 242 354 356 412 469
289 57 119 285 368 394 417
290 54 86 95 111 156 221 222 302 320 331 372
291 32 63 72 84 85 107 119 178 222 248 374 375 405 486
292 3 11 27 40 41 51 131 216 279 311 365 373 397
293 55
294 57 61 82 98 180 190 254 271 329
295 34 249 352
296 52 137 149 194 198 302 434 455 481
297 23 86 157 211 232
298 36 228 252 254 302 373 406 411 414 447
299 214 316 360
300 1 89 155 194 218 317 393 397 443
301 124 329 343 440 475
302 12 27 30 84 156 187 290 296 298 315 352 356 449 459
303 10 27 57 80 164 173 380
304 60 79 120 168 191 207 310 345 395 467
305 16 44 87 96 120 160 282 306 318 357 359 409 435
306 56 88 110 119 305 375 381 426 481
307 130 201 281 451
308 37 116 155 168 360 452 470
309 2 14 54 178 193 340 376 463
310 55 204 304 350 451
311 82 139 201 282 292 318 411
312 61 72 98 152 261 319 425 462
313 11 36 165 258 378 427
314 8 13 38 216 245 274 351 356 397
315 64 70 159 233 242 302 320
316 80 155 187 218 299 355 469
317 132 194 285 300 329 348 362 404 411 423
318 81 88 157 305 311 326 431
319 44 45 148 274 312 341 370 424 430
320 10 18 68 114 214 290 315 368
321 22 172 274 340 393
322 4 32 40 99 144 256 287 399
323 142 196 345 346 354 427
324 45 77 91 170 178 185 222 364
325 79 116 162 181 347 369 434 465 478
326 156 178 224 257 286 318 402 424 427
327 103 157 244 247 261 273 360 361 372 417 469
328 51 278 399 446 491
329 100 179 294 301 317 336 480
330 20 160 167 200 377 405
331 7 76 112 132 234 279 290 332 336 360 364 392 435 487
332 57 139 142 203 261 331 425 448 499
333 11 173 221 224 352 406 481 491
334 18 23 206 262 338 351
335 14 42 81 84 213 242 250 393 395 416 451
336 8 174 239 284 329 331 352 384 393 396 446 466 469
337 43 235 369 472
338 42 147 164 253 267 334 451 458 480
339 194 219 363 365 483
340 7 56 79 128 166 189 309 321 364 434 436 460
341 28 62 103 136 141 168 274 283 319 347 358 373
342 17 96 114 142 151 182 443
343 32 53 70 75 228 283 301 355 438 444
344 32 169 227 256 360 414
345 8 32 45 88 192 241 304 323 380 387 404 454 466
346 14 124 132 143 166 245 277 323
347 14 27 35 71 112 124 133 286 325 341 442
348 166 251 317 363 367 460
349 47 106 189 217 220 396 409 430
350 80 253 260 310 433 435 460
351 3 13 31 40 166 284 314 334 397 465
352 5 67 111 136 218 234 295 302 333 336 432 465
353 16 36 81 127 267 493 497
354 49 78 85 144 191 202 205 265 277 288 323 360 392 431
355 8 175 176 190 224 316 343 407
356 98 103 125 126 173 209 288 302 314
357 42 130 151 157 198 199 211 242 264 274 305 446
358 16 40 52 116 155 164 169 187 189 341 424 434 491
359 52 100 104 305 381
360 151 160 169 171 182 272 273 299 308 327 331 344 354 382 383 439
361 39 62 71 89 122 242 327 395 470
362 134 158 219 317 380
363 28 87 167 173 339 348 375 388 407
364 20 28 38 120 121 123 134 155 324 331 340 409
365 11 18 73 103 125 129 292 339
366 15 134 151 214 282 376 420 444 458 470
367 2 149 189 192 266 283 348 482
368 31 78 105 172 180 181 204 289 320 398 449 465 478
369 29 114 166 224 249 258 325 337 460 468
370 42 124 172 319 443
371 77 134 190 241 244 380 424 429 435
372 64 149 154 192 258 290 327
373 142 179 221 292 298 341 476
374 47 53 115 134 143 247 291 393 431
375 18 37 49 162 226 232 291 306 363 383 400
376 10 268 281 309 366 448 456
377 34 78 212 280 330 445 476 497
378 32 72 232 239 313 384 405
379 72 147 187 271 419 479
380 43 64 80 106 142 168 303 345 362 371 429
381 70 140 274 286 306 359 442 461
382 141 192 234 360 480 489
383 27 42 53 222 360 375 402 405
384 40 85 164 336 378
385 263 411
386 28 52 203 269 284 398 424 427 481
387 19 53 73 183 345 415 443
388 10 100 132 139 142 155 165 169 173 180 269 363 419 482
389 47 90 159 169 243 268 269 405 410 426 474 479
390 104 466
391 20 49 77 108 109 132 154 231 399 455 475 497
392 72 232 276 331 354 493 498
393 252 262 273 300 321 335 336 374 469 470 488
394 38 87 264 289 490
395 15 23 40 183 254 304 335 361 400 443 444 498
396 42 44 85 140 182 274 336 349 426 487
397 16 17 143 220 235 266 292 300 314 351 489
398 27 69 101 113 183 191 368 386 401 476 484 491 493
399 3 12 59 188 191 206 233 322 328 391 420 475 478
400 139 185 375 395
401 14 46 68 126 242 398 496 498
402 0 75 87 104 177 184 189 216 254 264 326 383 414 437 440
403 124 424 427 481
404 24 36 82 151 175 179 248 261 317 345
405 3 17 212 216 255 273 278 291 330 378 383 389 423
406 8 171 173 203 298 333 407 432
407 175 193 225 236 264 355 363 406 425 492
408 30 120 129 165 247 258 457 478 480
409 149 305 349 364 479
410 127 130 389
411 67 120 173 250 253 265 298 311 317 385 458
412 19 81 115 288 416 423 427
413 46 97 120 169 175 208 268 477
414 109 269 298 344 402 443 478
415 167 221 278 387 443
416 56 103 141 237 284 335 412 424 436 443
417 43 50 211 289 327 456 494
418 19 38 172 245 282
419 56 209 243 379 388 471
420 74 181 203 366 399 423 440
421 53 159 196 225
422 129 180 267 491
423 317 405 412 420 430 471
424 33 61 319 326 358 371 386 403 416
425 23 51 110 158 188 231 242 312 332 407 464
426 221 274 306 389 396
427 12 21 75 98 190 191 206 287 313 323 326 386 403 412 488
428 30 46 106 114 122 275 476 481
429 5 39 62 77 233 281 284 371 380 435
430 49 107 197 244 319 349 423 432 445 461
431 6 114 139 215 318 354 374 439
432 88 112 136 199 216 218 254 352 406 430
433 17 32 63 82 170 182 183 226 231 350
434 47 129 182 203 296 325 340 358
435 7 17 86 106 178 206 305 331 350 371 429
436 74 79 340 416 475
437 41 60 174 268 402 463 497
438 27 84 93 175 203 261 343 448 469 492
439 34 50 70 227 262 285 360 431
440 53 62 105 148 154 215 233 301 402 420
441 125 240 249 494
442 26 81 183 242 269 284 347 381 453 459
443 35 70 169 208 300 342 370 387 395 414 415 416 449
444 10 93 131 343 366 395
445 14 41 215 377 430 457
446 163 267 278 328 336 357
447 80 172 257 298
448 22 26 27 83 132 190 272 332 376 438
449 33 74 198 218 224 240 247 268 302 368 443
450 23 88 221 465
451 31 203 205 228 245 270 307 310 335 338
452 56 65 121 157 308 471
453 53 88 155 442
454 43 89 197 236 250 345
455 168 296 391
456 170 212 261 376 417
457 33 79 94 95 224 408 445 498
458 39 178 188 193 222 338 366 411
459 30 70 91 118 131 152 155 156 284 302 442 484
460 76 80 143 207 340 348 350 369 494
461 381 430
462 15 96 107 183 312 494
463 79 135 178 210 286 309 437 472
464 179 260 266 425
465 11 24 42 64 97 119 194 277 325 351 352 368 450
466 205 211 226 276 286 336 345 390
467 14 32 97 170 200 229 240 304
468 5 103 139 149 181 187 369
469 159 251 287 288 316 327 336 393 438 477 485
470 6 50 166 308 361 366 393
471 36 60 202 263 419 423 452
472 20 68 118 136 237 268 337 463 498
473 51 131 145 263 271 484
474 51 84 168 176 184 268 283 284 389
475 122 194 197 236 301 391 399 436
476 78 284 373 377 398 428
477 66 83 90 192 224 242 269 286 413 469
478 52 55 78 192 241 245 283 325 368 399 408 414
479 62 108 159 268 379 389 409 489 495
480 178 212 329 338 382 408
481 79 97 114 130 208 296 306 333 386 403 428
482 81 103 238 255 367 388
483 92 232 234 339
484 100 162 398 459 473
485 41 170 200 283 469
486 59 129 135 137 278 285 291
487 46 168 173 251 331 396
488 58 160 208 230 260 393 427 495
489 26 106 231 382 397 479
490 38 41 95 185 193 230 242 287 394
491 24 69 91 110 127 213 328 333 358 398 422
492 40 255 282 407 438
493 4 41 215 264 353 392 398
494 47 53 94 139 417 441 460 462
495 242 267 479 488
496 4 28 35 76 182 230 239 401
497 128 254 353 377 391 437
498 64 90 166 177 392 395 401 457 472
499 24 69 242 251 332
