0 51 54 110 260 317 322 393 447
1 37 39 261 273 396 478
2 110 157 305 314 342 348 399 467 468
3 30 52 173 222 223 238 257 376 380 447
4 15 34 145 257 260 357 428 475 487
5 48 111 223 482
6 11 27 39 172 477
7 31 52 125 134 142 248 257 273 286 369 408
8 177 265 351 422 425 474
9 53 71 111 128 215 278 320 384
10 16 32 42 55 58 64 81 128 259 271 275 302 309 458
11 6 41 44 55 113 125 156 253 303 331 369 378
12 90 225 235 281 291 309 400
13 49 81 147 336 337 456
14 35 336 458 469
15 4 17 56 96 130 219 232 252 280 372 378 487
16 10 24 112 147 184 191 202 212 255 263 274 276 350 387 472 493 495
17 15 105 135 137 138 380
18 314 373 479
19 36 42 82 135 137 189 221 228 268 314 433 445
20 51 107 177 204 361
21 92 126 169 337 358 362 497
22 55 157 165 274 278 362 406 408 418
23 44 86 104 140 153 156 188 230 247 273 298 489
24 16 81 142 213 224 274 327 405
25 148 172 182 226 230 246 291 297 425
26 98 144 231 281
27 6 40 118 124 161 266 335 449
28 87 273 390 398
29 73 170 244 296 333 334 344 468 497
30 3 59 64 128 248 253 265 271 304 381 489
31 7 76 89 154 171 191 305 350 380 430
32 10 74 117 306 358 361 366 384 432
33 112 245 295 373 439 499
34 4 117 188 243 288 294 328 357 363 374
35 14 46 76 220 258 313
36 19 134 254 262 272 360 385
37 1 90 122 159 246 272 291 295 323
38 67 424 426
39 1 6 41 43 156 321 352 364
40 27 70 78 141 186 190 196 201 237 291 302 374 435 457
41 11 39 87 308 384 393 399 409 418
42 10 19 161 172 304 464
43 39 55 115 237 370 445
44 11 23 303 308 327 329 336 365 422 472 497
45 72 83 127 176 352 381 410 423 460
46 35 122 123 234 276
47 92 130 173 228 282 291 296 316 344 407 451
48 5 108 142 220 281 290 416 439 449
49 13 148 216 267 308 347 392 444
50 154 158 224 316 320 432
51 0 20 103 286 381 387 395
52 3 7 143 172 403 411
53 9 182 407
54 0 106 107 187 196 395 407
55 10 11 22 43 57 72 79 108 110 261 293 331
56 15 101 180 184 257 282 343 383 412
57 55 68 260 286 301 315 405 440 476 496
58 10 59 285 291 312 320 337 432 438 453 460 477 487
59 30 58 140 182 200 204 301 361
60 151 156 237 253 299 359 360 377 408 429
61 76 77 78 153 361 371 462 490 494
62 223 242 291 342 376 406 455 484
63 124 226 300 304 308 314 366
64 10 30 66 72 83 146 206 257 275 304 321
65 122 197 198 207 420 428 446 473 478
66 64 85 213 223 273 457
67 38 101 178 291 335 349 480
68 57 75 96 192 466
69 113 115 201 364 424
70 40 83 311 372 394
71 9 99 107 146 260 266 384 416
72 45 55 64 146 332 359 417
73 29 137 195 389 487
74 32 144 155 262 279 370 396 436
75 68 88 95 144 196 329 433
76 31 35 61 139 162 171 180 256 380 415 449 451
77 61 79 91 125 223 284 355 375 395 399 428 486
78 40 61 80 97 104 127 299 491
79 55 77 87 108 123 443
80 78 134 191 207 293 346 406 469
81 10 13 24 87 122 271 295 351 415 451
82 19 159 186 317 358
83 45 64 70 131 243 342 393 486
84 188 261 445
85 66 92 129 165 170 202 217 240 282 467
86 23 114 229 247 325 388 479
87 28 41 79 81 214 307 313 336 366 434
88 75 245 272 319 327 446 473 475
89 31 136 185 201 203 242 270 277 348
90 12 37 183 330 332 358
91 77 179 205 226 227 254 256
92 21 47 85 281 404 411
93 100 120 338 473
94 143 243 269 272 298 363 398
95 75 110 124 275 321
96 15 68 110 148 276 333 392 417
97 78 149 162 331 354 420 469 487
98 26 130 140 201 274 404 447 451 474
99 71 270 287 297 372 428 475 495
100 93 120 149 185 208 334 392
101 56 67 215 254 328 471
102 118 136 145 164 205 223 246 316 346 463 475
103 51 197 215 241 290 308 335 465 487
104 23 78 179 409
105 17 206 289 354 481
106 54 115 149 174 265 318
107 20 54 71 129 182 295 394
108 48 55 79 347 355 425 430 482 489
109 173 306 312 351 367 387 388
110 0 2 55 95 96 250 347 399 497
111 5 9 177 179 259 275 328
112 16 33 164 214 265 328 336 373 390 445
113 11 69 198 292 339 356 442 485
114 86 122 140 218 258 321 371 374
115 43 69 106 140 168 378 405 417
116 118 128 169 176
117 32 34 159 245 351 453
118 27 102 116 121 132 217 219 244 262 312 319 473 490
119 201 219 221 227 363 377 463
120 93 100 193 207 360
121 118 230 379 394 426 472
122 37 46 65 81 114 175 206 213 254 335 459 490
123 46 79 238 320
124 27 63 95 242 249 334 397 497
125 7 11 77 151 163 198 273
126 21 145 188 250 291 303 350 370 377 410 415 426 466
127 45 78 220 360
128 9 10 30 116 146 302 313 456
129 85 107 137 330 432 480
130 15 47 98 217 370 449
131 83 138 223 397 418
132 118 243 261 326
133 166 209 335 396 400 475
134 7 36 80 414
135 17 19 187 202 460 496
136 89 102 138 142 163 173 213 296 328 338 341 392 410 477
137 17 19 73 129 319 335 342 374 378 399 457
138 17 131 136 213 229 292 295
139 76 229 351 359 391 429 487
140 23 59 98 114 115 150 315 331 349 383 393 411 460 499
141 40 230 335 376 419
142 7 24 48 136 186 243 386 395 456 492 493
143 52 94 276 301 439 451 491
144 26 74 75 160 206 269 277 326 419 452 459 476
145 4 102 126 218 384
146 64 71 72 128 157 269 286 412 485
147 13 16 159 164 271 272 287 325 330 376 405 448 492
148 25 49 96 167 221 308 334
149 97 100 106 274 327 340 396 398 463 473
150 140 313 439 482 485
151 60 125 234 285 341 433 466
152 204 210 255 381 469
153 23 61 173 425 470 476
154 31 50 212 232 247 337 457 492
155 74 219 316 320 356
156 11 23 39 60 184 317 338 379 473 483
157 2 22 146 209 231 431 460
158 50 267 367
159 37 82 117 147 215 290 343 444
160 144 294 301 326 344 352 441
161 27 42 242 248 253 275 281 460 472
162 76 97 258 324 332 423
163 125 136 301 347 425
164 102 112 147 192 310 405
165 22 85 248 278
166 133 173 309 446 465 471 473
167 148 202 245 251 279 334 381 392 448
168 115 272 292 316 355 385 394 400 433 482
169 21 116 250 311 397 450
170 29 85 252 296 373 407 430 441 450 468 497
171 31 76 217 287 410 450 456 468
172 6 25 42 52 227 239 241 275 318 404 410 480
173 3 47 109 136 153 166 277 392 467
174 106 179 228 254 322 332 347 414 444 445 499
175 122 210 271 307 462 485
176 45 116 181 189 265 268 283 452
177 8 20 111 225 328 414 446 470 491
178 67 248 397 401 416 470
179 91 104 111 174 222 268 296 465 477
180 56 76 317 469
181 176
182 25 53 59 107 186 227 293 348 378 420 461
183 90 204 218 222 290 299 377 392
184 16 56 156 300 316 355 429 484
185 89 100 261 478
186 40 82 142 182 279 336 488
187 54 135 238 452
188 23 34 84 126 294 341
189 19 176 190 202 211 258 326 357 398
190 40 189 251 274 281 330
191 16 31 80 234 277 291 331 455 479
192 68 164 231 249 326 364 382
193 120 375 481
194 280 285 293 341
195 73 201 267 299 301 330 354
196 40 54 75 199 275 291 303 349 372 496
197 65 103 214 316 395 421
198 65 113 125 209 355 384 420 450 453 467 476
199 196 292 415 435 446
200 59 249 254 273 283 371
201 40 69 89 98 119 195 301 311 327 356 449 485
202 16 85 135 167 189 203 211 279 283 417
203 89 202 209 236 363 424 435 436 488
204 20 59 152 183 221 258 283 331 396 475
205 91 102 249 271 324 326 343 372 380 399 407 439 453 455 482
206 64 105 122 144 333 378 401 419 442 449
207 65 80 120 237 264 270 334 420 422 439 462 465 481 493
208 100 286 297 331 375 393 427 448 477
209 133 157 198 203 333 400 495
210 152 175 220 278 312 455
211 189 202 228 276 288 312 353 372 499
212 16 154 214 469
213 24 66 122 136 138 284 287 362 435 495 499
214 87 112 197 212 389
215 9 101 103 159 221 348 421
216 49 448
217 85 118 130 171 316 320 324 388 475 479
218 114 145 183 273 366 436
219 15 118 119 155 285 328 377 393 394 395 426
220 35 48 127 210 289 299 355 390
221 19 119 148 204 215 276 289 454
222 3 179 183 260 284 412 492
223 3 5 62 66 77 102 131 334 404 423 442
224 24 50 326 360 382 402 439
225 12 177 295 314 315 338 427 462 477
226 25 63 91 229 241
227 91 119 172 182 247 320 417 461
228 19 47 174 211 256 336 482
229 86 138 139 226 272 277 284 374 402 451
230 23 25 121 141 251 275 317 322 348 366 498
231 26 157 192 289 296 317 320 365 398 455
232 15 154 298 308 328 390 487
233 239 265 316 334 338 383 422 451
234 46 151 191 297
235 12 260 306 369
236 203 335
237 40 43 60 207 241 304 308 433
238 3 123 187 258 295 465 480
239 172 233 391 486 488
240 85 269 272 440
241 103 172 226 237 292 333 349 377 387
242 62 89 124 161 311 388 472 477
243 34 83 94 132 142 280 305 324
244 29 118 353 406 426 434 442 474
245 33 88 117 167 318 377 407 412 427
246 25 37 102 275 314 474
247 23 86 154 227 260 311 336 351 437 471
248 7 30 161 165 178 254 310
249 124 192 200 205 277 284 354 385 448 482 496
250 110 126 169 308 405 443 449
251 167 190 230 295 400 483
252 15 170
253 11 30 60 161 255 365 493 496
254 36 91 101 122 174 200 248 366
255 16 152 253 310 355 370 375 389 398 422 469
256 76 91 228 272 325 329 337 479 495
257 3 4 7 56 64 350 370 456
258 35 114 162 189 204 238 298 475
259 10 111 334 354
260 0 4 57 71 222 235 247 353
261 1 55 84 132 185 475
262 36 74 118 277 312 469
263 16 299 325 362 465 488
264 207 349 439
265 8 30 106 112 176 233 323 341
266 27 71 368 413
267 49 158 195 298 308 318 329 411 426 437 472 478 485
268 19 176 179 276 310 399 416 438 444
269 94 144 146 240 284 319 328 362 395 434
270 89 99 207 299 432
271 10 30 81 147 175 205 424
272 36 37 88 94 147 168 229 240 256 403
273 1 7 23 28 66 125 200 218 311 470
274 16 22 24 98 149 190 332 338 392 401 488
275 10 64 95 111 161 172 196 230 246 287 294 386 412 448 449
276 16 46 96 143 211 221 268 306 362
277 89 144 173 191 229 249 262 479 480
278 9 22 165 210 302 337 347 423 479
279 74 167 186 202 340
280 15 194 243 352 386 438
281 12 26 48 92 161 190 292 310 348
282 47 56 85 315 456
283 176 200 202 204 347 371
284 77 213 222 229 249 269 385 435 482 485
285 58 151 194 219 391 397 481
286 7 51 57 146 208 352 372 417
287 99 147 171 213 275 334 394 451 475
288 34 211 290 325 489
289 105 220 221 231 318 355 402 435 488
290 48 103 159 183 288 291 417 449 450 470 483
291 12 25 37 40 47 58 62 67 126 191 196 290 300 363 392
292 113 138 168 199 241 281 342 372 399
293 55 80 182 194 301 338 344 349 377 423 452 459
294 34 160 188 275 375
295 33 37 81 107 138 225 238 251 410
296 29 47 136 170 179 231 301 304 381 442 461
297 25 99 208 234 309 377 427 442 460 469
298 23 94 232 258 267 387 456
299 60 78 183 195 220 263 270 322 373 384 478
300 63 184 291 343 354 372 379 440 441 478
301 57 59 143 160 163 195 201 293 296 315 325 368 375 480
302 10 40 128 278 304 346 370 387 410 435 444 475
303 11 44 126 196 312 377 432
304 30 42 63 64 237 296 302 347 385 475
305 2 31 243 313 325 390
306 32 109 235 276 318 342 384 477
307 87 175 345 413 428
308 41 44 49 63 103 148 232 237 250 267 332 485
309 10 12 166 297 346 361 438 494 495
310 164 248 255 268 281 351 396 433 459
311 70 169 201 242 247 273 474
312 58 109 118 210 211 262 303 366 424 491
313 35 87 128 150 305 409 493
314 2 18 19 63 225 246 322 388 392 425 467
315 57 140 225 282 301 349 456 476
316 47 50 102 155 168 184 197 217 233 354 499
317 0 82 156 180 230 231 362 382 411 459
318 106 172 245 267 289 306 438 450 476 487
319 88 118 137 269 363 375
320 9 50 58 123 155 217 227 231 437
321 39 64 95 114 334 397 406 425
322 0 174 230 299 314 339 430 432 453 496
323 37 265 332 409 419 421 483
324 162 205 217 243 362 419 475
325 86 147 256 263 288 301 305 359 426 499
326 132 144 160 189 192 205 224 363 424 453
327 24 44 88 149 201
328 34 101 111 112 136 177 219 232 269 423 438 466
329 44 75 256 267
330 90 129 147 190 195 497
331 11 55 97 140 191 204 208 358 362 381 410 481
332 72 90 162 174 274 308 323 357
333 29 96 206 209 241 340 369
334 29 100 124 148 167 207 223 233 259 287 321 372 420 438 468
335 27 67 103 122 133 137 141 236 355 391 419 448 498
336 13 14 44 87 112 186 228 247
337 13 21 58 154 256 278 365
338 93 136 156 225 233 274 293 425 455 494
339 113 322 408 410 416 452
340 149 279 333 383 421 444 469
341 136 151 188 194 265 428 482 488
342 2 62 83 137 292 306 365
343 56 159 205 300 353 385 482 492
344 29 47 160 293
345 307 394 460
346 80 102 302 309 463
347 49 108 110 163 174 278 283 304 404
348 2 89 182 215 230 281 367 398 421 478
349 67 140 196 241 264 293 315 482 484
350 16 31 126 257 378 409
351 8 81 109 117 139 247 310 393 406 473
352 39 45 160 280 286 395 406
353 211 244 260 343 397 484
354 97 105 195 249 259 300 316 382 424 451 460
355 77 108 168 184 198 220 255 289 335 422 434
356 113 155 201 365 406 481
357 4 34 189 332 392
358 21 32 82 90 331 409 475
359 60 72 139 325 402 409 479
360 36 60 120 127 224 367 483
361 20 32 59 61 309 368 392 436 465
362 21 22 213 263 269 276 317 324 331 447
363 34 94 119 203 291 319 326 451 482 492
364 39 69 192 421 461 498
365 44 231 253 337 342 356 388 432
366 32 63 87 218 230 254 312 373 387 398 446
367 109 158 348 360 396 498
368 266 301 361
369 7 11 235 333 390
370 43 74 126 130 255 257 302 395 433 478
371 61 114 200 283 447 475 496
372 15 70 99 196 205 211 286 292 300 334 458
373 18 33 112 170 299 366
374 34 40 114 137 229 407 431 477
375 77 193 208 255 294 301 319 453
376 3 62 141 147 464 486
377 60 119 126 183 219 241 245 293 297 303 385 391 474
378 11 15 115 137 182 206 350 426
379 121 156 300 389 473
380 3 17 31 76 205 439
381 30 45 51 152 167 296 331 383 419 476 477
382 192 224 317 354 465
383 56 140 233 340 381 428 447 469
384 9 32 41 71 145 198 299 306 473 481
385 36 168 249 284 304 343 377 387 416 465
386 142 275 280 443 458 467
387 16 51 109 241 298 302 366 385 498
388 86 109 217 242 314 365
389 73 214 255 379
390 28 112 220 232 305 369 442 456 457 461 481
391 139 239 285 335 377 468
392 49 96 100 136 167 173 183 274 291 314 357 361 438 468
393 0 41 83 140 208 219 351
394 70 107 121 168 219 287 345 403 411 421
395 51 54 77 142 197 219 269 352 370
396 1 74 133 149 204 310 367
397 124 131 169 178 285 321 353 423
398 28 94 149 189 231 255 348 366 468 481 494
399 2 41 77 110 137 205 268 292 449
400 12 133 168 209 251 426 480 487
401 178 206 274 427
402 224 229 289 359 452 456 459
403 52 272 394 487
404 92 98 172 223 347 457 493
405 24 57 115 147 164 250 457
406 22 62 80 244 321 351 352 356 453 466 476
407 47 53 54 170 205 245 374 415 435 458
408 7 22 60 339
409 41 104 313 323 350 358 359 490
410 45 126 136 171 172 295 302 331 339 415
411 52 92 140 267 317 394 414
412 56 146 222 245 275
413 266 307 429 441 489
414 134 174 177 411
415 76 81 126 199 407 410 418 483 485 495
416 48 71 178 268 339 385 426 494
417 72 96 115 202 227 286 290
418 22 41 131 415 438 448
419 141 144 206 323 324 335 381 495
420 65 97 182 198 207 334 428 463 493
421 197 215 323 340 348 364 394 438
422 8 44 207 233 255 355 428 436 437 443
423 45 162 223 278 293 328 397
424 38 69 203 271 312 326 354
425 8 25 108 153 163 314 321 338 432 492
426 38 121 126 219 244 267 325 378 400 416 480 482
427 208 225 245 297 401 485
428 4 65 77 99 307 341 383 420 422 487 491
429 60 139 184 413
430 31 108 170 322 481
431 157 374 485
432 32 50 58 129 270 303 322 365 425
433 19 75 151 168 237 310 370
434 87 244 269 355 478
435 40 199 203 213 284 289 302 407 437
436 74 203 218 361 422 439 484 493
437 247 267 320 422 435 456
438 58 268 280 309 318 328 334 392 418 421
439 33 48 143 150 205 207 224 264 380 436 471 491
440 57 240 300
441 160 170 300 413 446 450
442 113 206 223 244 296 297 390 469
443 79 250 386 422
444 49 159 174 268 302 340
445 19 43 84 112 174
446 65 88 166 177 199 366 441 466 494
447 0 3 98 362 371 383
448 147 167 208 216 249 275 335 418
449 27 48 76 130 201 206 250 275 290 399 451
450 169 170 171 198 290 318 441 484 486
451 47 76 81 98 143 229 233 287 354 363 449
452 144 176 187 293 339 402
453 58 117 198 205 322 326 375 406 461 498
454 221 493
455 62 191 205 210 231 338 461
456 13 128 142 171 257 282 298 315 390 402 437
457 40 66 137 154 390 404 405 459 488
458 10 14 372 386 407
459 122 144 293 310 317 402 457
460 45 58 135 140 157 161 297 345 354
461 182 227 296 364 390 453 455
462 61 175 207 225 468
463 102 119 149 346 420
464 42 376
465 103 166 179 207 238 263 361 382 385 494
466 68 126 151 328 406 446
467 2 85 173 198 314 386
468 2 29 170 171 334 391 392 398 462
469 14 80 97 152 180 212 255 262 297 340 383 442
470 153 177 178 273 290
471 101 166 247 439
472 16 44 121 161 242 267 482
473 65 88 93 118 149 156 166 351 379 384
474 8 98 244 246 311 377
475 4 88 99 102 133 204 217 258 261 287 302 304 324 358 371
476 57 144 153 198 315 318 381 406
477 6 58 136 179 208 225 242 306 374 381
478 1 65 185 267 299 300 348 370 434 485
479 18 86 191 217 256 277 278 359
480 67 129 172 238 277 301 400 426
481 105 193 207 285 331 356 384 390 398 430
482 5 108 150 168 205 228 249 284 341 343 349 363 426 472
483 156 251 290 323 360 415
484 62 184 349 353 436 450
485 113 146 150 175 201 267 284 308 415 427 431 478
486 77 83 239 376 450
487 4 15 58 73 97 103 139 232 318 400 403 428
488 186 203 239 263 274 289 341 457
489 23 30 108 288 413
490 61 118 122 409
491 78 143 177 312 428 439
492 142 147 154 222 343 363 425
493 16 142 207 253 313 404 420 436 454
494 61 309 338 398 416 446 465
495 16 99 209 213 256 309 415 419
496 57 135 196 249 253 322 371
497 21 29 44 110 124 170 330
498 230 335 364 367 387 453
499 33 140 174 211 213 316 325
