0 66 128 299 409 471 
1 7 121 158 204 218 251 253 263 264 294 297 302 
2 103 109 150 160 192 202 217 272 287 329 338 381 407 
3 41 179 232 266 335 361 
4 26 53 100 155 156 168 190 222 228 252 287 308 355 378 440 
5 46 69 356 366 374 406 497 
6 42 43 91 94 171 184 200 292 322 403 487 
7 1 55 74 113 121 196 218 247 268 341 373 437 
8 120 127 134 227 244 269 471 484 496 
9 20 21 60 92 213 
10 27 32 78 100 228 231 307 312 393 
11 42 47 58 76 85 91 119 200 224 239 292 297 418 
12 25 145 164 355 476 481 483 487 492 
13 35 235 237 330 428 
14 22 24 126 157 169 192 223 262 287 291 345 346 355 381 461 
15 87 207 233 323 340 370 389 414 
16 61 95 133 150 258 330 402 451 459 474 
17 51 56 63 204 261 313 
18 64 66 108 120 244 269 271 299 348 380 
19 129 148 201 202 311 359 
20 9 21 122 213 
21 9 20 34 92 265 289 447 462 490 
22 14 27 36 62 79 150 160 161 178 192 202 272 328 355 359 407 472 
23 44 49 71 110 379 422 449 474 
24 14 62 156 178 185 345 381 461 472 
25 12 94 123 162 312 324 336 479 488 492 
26 4 62 161 199 228 
27 10 22 33 90 139 168 277 310 326 435 
28 33 46 105 172 210 223 258 278 308 330 378 395 457 459 
29 85 165 260 273 322 
30 39 68 270 276 303 380 
31 229 477 
32 10 50 310 434 435 468 478 
33 27 28 75 83 90 115 228 440 472 
34 21 38 122 213 260 365 447 
35 13 95 111 258 286 
36 22 62 156 278 291 328 329 359 397 461 
37 240 283 312 326 
38 34 213 230 365 447 
39 30 40 68 134 254 256 315 429 
40 39 48 68 82 187 203 214 254 342 484 
41 3 55 121 218 232 236 271 279 287 335 471 
42 6 11 145 200 260 273 452 454 483 
43 6 123 149 216 403 
44 23 71 78 155 234 301 308 422 458 
45 216 251 272 345 437 460 
46 5 28 49 69 109 131 151 248 340 451 
47 11 159 273 377 453 454 
48 40 342 389 406 414 482 
49 23 46 124 174 207 389 
50 32 57 193 211 436 479 
51 17 74 182 313 321 331 388 467 475 
52 274 309 
53 4 150 156 157 161 178 325 355 359 472 499 
54 112 114 125 138 208 241 373 392 
55 7 41 84 204 232 293 361 363 433 
56 17 179 271 294 300 334 353 372 448 461 
57 50 80 109 162 171 377 479 492 
58 11 153 159 184 401 453 
59 120 127 146 212 215 227 248 353 357 420 484 
60 9 165 
61 16 126 160 223 243 407 461 
62 22 24 26 36 111 115 278 328 345 355 472 474 
63 17 204 242 408 465 
64 18 68 136 146 212 244 253 293 311 348 380 430 484 
65 116 147 350 375 379 474 
66 0 18 72 136 146 244 327 348 380 484 496 
67 94 148 176 290 297 302 337 403 436 
68 30 39 40 64 144 244 254 270 354 415 470 
69 5 46 339 357 398 414 494 
70 77 89 112 129 224 292 297 304 334 
71 23 44 100 155 168 210 234 240 422 438 
72 66 151 268 279 300 348 398 426 431 
73 368 449 
74 7 51 238 247 266 275 280 413 
75 33 115 155 219 307 310 328 393 434 440 
76 11 225 452 
77 70 148 176 341 352 405 427 
78 10 44 100 180 199 231 283 296 422 495 
79 22 110 126 160 166 192 272 305 309 359 366 374 407 461 
80 57 130 149 159 171 289 464 
81 183 218 313 319 
82 40 195 215 420 494 
83 33 155 310 421 434 476 
84 55 120 127 146 271 285 293 311 348 380 409 426 
85 11 29 200 224 225 260 273 377 487 
86 141 382 390 
87 15 227 276 323 340 445 
88 90 93 172 283 318 424 428 474 
89 70 112 138 242 275 331 332 392 
90 27 33 88 110 115 168 210 228 252 
91 6 11 94 119 145 184 241 322 373 403 412 448 483 
92 9 21 103 130 177 289 394 447 490 
93 88 95 188 199 330 428 494 
94 6 25 67 91 129 443 460 483 
95 16 35 93 161 
96 131 212 311 327 353 361 372 411 
97 183 221 266 367 385 416 493 
98 142 160 192 202 216 262 268 271 329 419 448 
99 133 172 235 237 333 397 
100 4 10 71 78 115 393 
101 118 205 247 363 
102 114 121 148 186 253 341 373 
103 2 92 171 
104 124 170 342 357 384 389 406 419 429 439 496 
105 28 110 161 172 188 234 240 395 438 457 474 
106 114 125 198 204 208 241 242 288 332 388 485 
107 191 204 266 316 433 450 
108 18 158 335 361 
109 2 46 57 175 177 180 201 252 284 287 308 325 358 359 387 436 459 
110 23 79 90 105 150 180 283 308 320 350 391 402 428 438 
111 35 62 258 308 330 391 428 451 
112 54 70 89 138 181 208 288 297 322 371 392 
113 7 179 182 204 242 416 450 
114 54 102 106 182 218 221 306 352 465 485 
115 33 62 75 90 100 210 435 
116 65 172 301 318 369 376 455 
117 179 186 191 218 275 288 294 388 405 
118 101 144 354 463 
119 11 91 200 481 483 
120 8 18 59 84 127 136 146 236 244 251 269 293 309 348 353 380 431 
121 1 7 41 102 196 243 264 
122 20 34 165 365 
123 25 43 159 184 200 226 292 399 483 487 
124 49 104 142 170 243 248 295 309 339 398 429 
125 54 106 191 198 206 208 255 331 332 367 465 491 493 
126 14 61 79 150 192 194 243 356 374 381 407 499 
127 8 59 84 120 271 293 348 484 
128 0 136 
129 19 70 94 297 405 464 
130 80 92 171 265 394 488 
131 46 96 212 250 271 334 346 353 356 398 431 456 497 
132 238 363 442 
133 16 99 188 286 333 397 
134 8 39 254 270 354 
135 140 150 163 283 375 402 458 
136 64 66 120 128 144 285 409 417 
137 141 197 270 276 390 
138 54 89 112 196 224 302 306 418 
139 27 171 312 421 498 
140 135 172 301 308 457 472 
141 86 137 203 276 382 390 396 410 
142 98 124 146 170 203 248 295 339 340 430 456 
143 189 245 256 
144 68 118 136 229 259 315 342 420 470 
145 12 42 91 162 164 324 464 481 
146 59 64 66 84 120 142 269 311 354 398 417 484 
147 65 219 320 368 369 379 
148 19 67 77 102 202 284 300 352 405 448 
149 43 80 162 177 265 347 394 453 
150 2 16 22 53 110 126 135 161 192 194 223 291 333 381 407 426 436 459 499 
151 46 72 158 268 294 300 304 338 411 433 437 448 456 
152 267 318 368 369 375 422 455 
153 58 159 165 213 220 365 432 481 
154 165 
155 4 44 71 75 83 172 178 190 307 369 440 461 
156 4 24 36 53 168 291 345 436 
157 14 53 201 223 287 345 355 438 459 499 
158 1 108 151 268 300 335 345 372 405 425 437 446 
159 47 58 80 123 153 162 200 377 401 453 454 462 
160 2 22 61 79 98 192 243 284 287 366 381 395 407 461 499 
161 22 26 53 95 105 150 278 355 395 472 
162 25 57 145 149 159 164 177 185 193 336 377 387 394 488 
163 135 178 267 318 495 
164 12 145 162 324 336 399 435 476 480 492 
165 29 60 122 153 154 347 387 394 432 454 481 
166 79 233 236 243 269 346 356 497 
167 203 256 390 
168 4 27 71 90 156 185 199 436 461 
169 14 185 188 366 397 428 
170 104 124 142 216 232 269 356 406 419 430 456 
171 6 57 80 103 130 139 336 377 454 483 490 
172 28 88 99 105 116 140 155 283 291 301 345 397 402 457 
173 180 210 231 278 307 328 400 435 440 
174 49 223 248 342 346 356 359 374 437 461 497 
175 109 284 290 358 476 
176 67 77 290 297 460 
177 92 109 149 162 193 240 284 314 336 387 400 476 480 492 
178 22 24 53 155 163 278 294 329 369 457 
179 3 56 113 117 242 266 275 321 388 416 
180 78 109 110 173 240 301 350 
181 112 241 242 404 469 485 
182 51 113 114 266 275 388 416 
183 81 97 204 280 313 319 362 367 467 475 
184 6 58 91 123 373 403 418 464 
185 24 162 168 169 308 325 329 358 457 461 499 
186 102 117 218 246 334 341 405 425 465 
187 40 197 254 256 270 390 410 
188 93 105 133 169 194 233 249 397 
189 143 197 229 256 415 477 
190 4 155 210 217 234 308 378 
191 107 117 125 332 364 493 
192 2 14 22 79 98 126 150 160 272 343 366 407 
193 50 162 177 199 257 277 312 314 387 423 478 479 
194 126 150 188 233 243 305 366 407 499 
195 82 203 215 254 259 270 311 357 386 
196 7 121 138 251 264 334 360 392 408 433 
197 137 187 189 245 256 303 415 
198 106 125 263 367 385 413 491 
199 26 78 93 168 193 202 217 222 226 310 336 435 462 472 
200 6 11 42 85 119 123 159 265 292 403 
201 19 109 157 202 274 287 329 356 358 460 
202 2 19 22 98 148 199 201 287 325 358 359 
203 40 141 142 167 195 270 390 410 429 
204 1 17 55 63 106 107 113 183 206 247 313 316 319 321 416 450 465 
205 101 442 489 
206 125 204 275 280 331 385 
207 15 49 243 249 339 340 420 441 
208 54 106 112 125 224 304 332 364 404 
209 350 369 375 474 495 
210 28 71 90 115 173 190 296 310 
211 50 421 468 478 498 
212 59 64 96 131 300 360 406 411 417 459 
213 9 20 34 38 153 347 447 462 
214 40 229 415 439 470 
215 59 82 195 227 276 357 382 429 
216 43 45 98 170 274 300 338 343 346 351 360 372 373 448 460 485 
217 2 190 199 252 352 358 
218 1 7 41 81 114 117 186 250 300 450 485 
219 75 147 240 282 307 328 378 
220 153 347 365 432 479 
221 97 114 266 280 362 467 491 493 
222 4 199 226 252 435 480 
223 14 28 61 150 157 174 287 381 428 448 457 459 
224 11 70 85 138 208 239 260 371 403 418 427 
225 76 85 306 418 427 452 
226 123 199 222 234 277 355 387 400 476 
227 8 59 87 215 340 346 420 
228 4 10 26 33 90 358 400 435 440 472 
229 31 144 189 214 303 384 477 
230 38 371 
231 10 78 173 257 277 440 
232 3 41 55 170 236 271 361 431 484 486 
233 15 166 188 194 309 339 398 417 494 
234 44 71 105 190 226 283 308 328 378 428 455 
235 13 99 333 379 395 
236 41 120 166 232 293 315 335 471 
237 13 99 424 
238 74 132 316 
239 11 224 452 483 
240 37 71 105 177 180 219 379 428 
241 54 91 106 181 332 404 412 
242 63 89 106 113 179 181 251 280 288 385 485 
243 61 121 124 126 160 166 194 207 305 374 397 419 
244 8 18 64 66 68 120 254 293 299 327 363 380 409 456 470 471 
245 143 197 303 382 384 439 482 
246 186 264 294 405 408 446 
247 7 74 101 204 280 316 413 442 450 
248 46 59 124 142 174 279 287 437 456 461 494 
249 188 207 386 
250 131 218 294 408 433 450 456 
251 1 45 120 196 242 268 274 
252 4 90 109 217 222 277 287 329 498 
253 1 64 102 271 334 373 408 448 
254 39 40 68 134 187 195 244 429 
255 125 263 331 491 
256 39 143 167 187 189 197 259 470 
257 193 231 298 393 421 
258 16 28 35 111 301 424 441 
259 144 195 256 276 
260 29 34 42 85 224 273 317 
261 17 344 361 363 
262 14 98 271 300 329 338 343 437 448 459 
263 1 198 255 364 469 
264 1 121 196 246 311 334 349 408 465 
265 21 130 149 200 284 347 377 421 453 462 488 490 
266 3 74 97 107 179 182 221 275 364 
267 152 163 458 473 
268 7 72 98 151 158 251 300 334 426 446 486 
269 8 18 120 146 166 170 299 315 384 409 411 470 
270 30 68 134 137 187 195 203 342 384 390 
271 18 41 56 84 98 127 131 232 253 262 279 311 353 430 486 
272 2 22 45 79 192 305 329 335 343 374 381 407 419 
273 29 42 47 85 260 403 452 466 
274 52 201 216 251 351 372 387 437 448 460 
275 74 89 117 179 182 206 266 288 416 
276 30 87 137 141 215 259 386 396 410 
277 27 193 226 231 252 310 387 399 423 
278 28 36 62 161 173 178 325 395 422 499 
279 41 72 248 271 431 456 499 
280 74 183 206 221 242 247 362 
281 445 451 
282 219 296 393 
283 37 78 88 110 135 172 234 318 375 376 402 458 
284 109 148 160 175 177 265 343 443 
285 84 136 293 315 342 431 
286 35 133 391 428 
287 2 4 14 41 109 157 160 201 202 223 248 252 359 436 
288 106 112 117 242 275 302 364 485 
289 21 80 92 312 468 498 
290 67 175 176 341 351 372 
291 14 36 150 156 172 305 308 329 345 459 472 499 
292 6 11 70 123 200 481 483 
293 55 64 84 120 127 236 244 285 380 383 409 484 
294 1 56 117 151 178 246 250 403 437 493 
295 124 142 300 334 360 411 417 419 420 430 456 
296 78 210 282 393 
297 1 11 67 70 112 129 176 337 341 392 
298 257 434 435 
299 0 18 244 269 335 380 471 484 
300 56 72 148 151 158 212 216 218 262 268 295 425 497 
301 44 116 140 172 180 258 350 376 438 
302 1 67 138 288 317 341 371 392 418 
303 30 197 229 245 410 
304 70 151 208 337 373 483 485 
305 79 194 243 272 291 343 366 461 497 
306 114 138 225 469 
307 10 75 155 173 219 434 
308 4 28 44 109 110 111 140 185 190 234 291 378 391 422 438 440 
309 52 79 120 124 233 338 
310 27 32 75 83 199 210 277 314 
311 19 64 84 96 146 195 264 271 420 433 486 
312 10 25 37 139 193 289 336 468 479 
313 17 51 81 183 204 413 
314 177 193 310 324 423 479 488 492 
315 39 144 236 269 285 384 420 470 
316 107 204 238 247 319 
317 260 302 322 371 403 418 427 452 453 
318 88 116 152 163 283 369 422 449 
319 81 183 204 316 367 413 416 
320 110 147 391 397 402 458 
321 51 179 204 416 
322 6 29 91 112 317 326 412 452 464 
323 15 87 370 414 424 444 
324 25 145 164 314 336 358 387 400 
325 53 109 185 202 278 329 381 472 499 
326 27 37 322 478 
327 66 96 244 470 
328 22 36 62 75 173 219 234 330 345 378 395 
329 2 36 98 178 185 201 252 262 272 291 325 359 459 
330 13 16 28 93 111 328 378 397 424 451 
331 51 89 125 206 255 493 
332 89 106 125 191 208 241 364 388 404 469 
333 99 133 150 235 445 
334 56 70 131 186 196 253 264 268 295 349 351 411 426 446 486 
335 3 41 108 158 236 272 299 348 361 408 
336 25 162 164 171 177 199 312 324 387 400 466 476 
337 67 297 304 341 460 
338 2 151 216 262 309 351 360 426 437 446 448 
339 69 124 142 207 233 340 406 420 494 
340 15 46 87 142 207 227 339 441 494 
341 7 77 102 186 290 297 302 337 403 405 487 
342 40 48 104 144 174 270 285 389 429 
343 192 216 262 272 284 305 437 461 
344 261 361 363 450 489 
345 14 24 45 62 156 157 158 172 291 328 366 381 407 
346 14 131 166 174 216 227 356 366 411 419 461 497 
347 149 165 213 220 265 377 394 
348 18 64 66 72 84 120 127 335 380 409 425 430 471 
349 264 334 360 388 437 
350 65 110 180 209 301 368 369 376 455 474 495 
351 216 274 290 334 338 437 448 
352 77 114 148 217 373 437 443 
353 56 59 96 120 131 271 360 425 448 
354 68 118 134 146 417 420 429 
355 4 12 14 22 53 62 157 161 226 395 422 457 459 472 474 
356 5 126 131 166 170 174 201 346 411 419 497 
357 59 69 104 195 215 389 417 420 
358 109 175 185 201 202 217 228 324 366 478 
359 19 22 36 53 79 109 174 202 287 329 407 437 459 460 499 
360 196 212 216 295 338 349 353 411 426 437 446 461 
361 3 55 96 108 232 261 335 344 363 416 484 
362 183 221 280 367 385 416 430 467 475 
363 55 101 132 244 261 344 361 431 442 450 471 
364 191 208 263 266 288 332 485 493 
365 34 38 122 153 220 401 462 
366 5 79 160 169 192 194 305 345 346 358 431 459 497 
367 97 125 183 198 319 362 385 413 467 475 
368 73 147 152 350 455 473 
369 116 147 152 155 178 209 318 350 376 449 
370 15 323 389 406 414 494 
371 112 224 230 302 317 404 
372 56 96 158 216 274 290 373 408 411 430 448 
373 7 54 91 102 184 216 253 304 352 372 408 
374 5 79 126 174 243 272 407 411 448 460 461 464 497 
375 65 135 152 209 283 397 449 458 
376 116 283 301 350 369 422 495 
377 47 57 85 159 162 171 265 347 394 488 
378 4 28 190 219 234 308 328 330 391 402 472 
379 23 65 147 235 240 455 
380 18 30 64 66 84 120 244 293 299 348 420 431 471 
381 2 14 24 126 150 160 223 272 325 345 499 
382 86 141 215 245 
383 293 
384 104 229 245 269 270 315 415 
385 97 198 206 242 362 367 
386 195 249 276 406 414 420 482 
387 109 162 165 177 193 226 274 277 324 336 400 421 443 468 492 
388 51 106 117 179 182 332 349 465 
389 15 48 49 104 342 357 370 406 417 420 
390 86 137 141 167 187 203 270 482 
391 110 111 286 308 320 378 428 438 457 458 
392 54 89 112 196 297 302 
393 10 75 100 257 282 296 
394 92 130 149 162 165 347 377 432 447 
395 28 105 160 161 235 278 328 355 422 
396 141 276 406 494 
397 36 99 133 169 172 188 243 320 330 375 428 438 457 
398 69 72 124 131 146 233 419 
399 123 164 277 464 
400 173 177 226 228 324 336 387 476 480 492 
401 58 159 365 452 453 464 
402 16 110 135 172 283 320 378 422 
403 6 43 67 91 184 200 224 273 294 317 341 
404 181 208 241 332 371 467 469 
405 77 117 129 148 158 186 246 341 412 425 426 460 
406 5 48 104 170 212 339 370 386 389 396 420 482 
407 2 22 61 79 126 150 160 192 194 272 345 359 374 461 
408 63 196 246 250 253 264 335 372 373 425 486 
409 0 84 136 244 269 293 348 417 486 496 
410 141 187 203 276 303 414 477 
411 96 151 212 269 295 334 346 356 360 372 374 431 456 
412 91 241 322 405 
413 74 198 247 313 319 367 
414 15 48 69 323 370 386 410 441 
415 68 189 197 214 384 439 
416 97 113 179 182 204 275 319 321 361 362 
417 136 146 212 233 295 354 357 389 409 484 496 
418 11 138 184 224 225 302 317 427 
419 98 104 170 243 272 295 346 356 398 430 456 
420 59 82 144 207 227 295 311 315 339 354 357 380 386 389 406 429 
421 83 139 211 257 265 387 423 478 498 
422 23 44 71 78 152 278 308 318 355 376 395 402 438 
423 193 277 314 421 478 479 
424 88 237 258 323 330 445 
425 158 186 300 348 353 405 408 446 460 
426 72 84 150 268 334 338 360 405 431 486 
427 77 224 225 317 418 452 
428 13 88 93 110 111 169 223 234 240 286 391 397 
429 39 104 124 203 215 254 342 354 420 
430 64 142 170 271 295 348 362 372 419 448 456 
431 72 120 131 232 279 285 363 366 380 411 426 
432 153 165 220 394 453 454 
433 55 107 151 196 250 311 489 
434 32 75 83 298 307 455 
435 27 32 115 164 173 199 222 228 298 
436 50 67 109 150 156 168 287 
437 7 45 151 158 174 248 262 274 294 338 343 349 351 352 359 360 446 486 
438 71 105 110 157 301 308 391 397 422 449 474 
439 104 214 245 415 
440 4 33 75 155 173 228 231 308 455 
441 207 258 340 414 
442 132 205 247 363 
443 94 284 352 387 464 476 
444 323 
445 87 281 333 424 
446 158 246 268 334 338 360 425 437 460 
447 21 34 38 92 213 394 
448 56 91 98 148 151 216 223 253 262 274 338 351 353 372 374 430 461 
449 23 73 318 369 375 438 458 
450 107 113 204 218 247 250 344 363 489 
451 16 46 111 281 330 
452 42 76 225 239 273 317 322 401 427 491 
453 47 58 149 159 265 317 401 432 
454 42 47 159 165 171 432 
455 116 152 234 350 368 379 434 440 473 
456 131 142 151 170 244 248 250 279 295 411 419 430 
457 28 105 140 172 178 185 223 355 391 397 458 
458 44 135 267 283 320 375 391 449 457 
459 16 28 109 150 157 212 223 262 291 329 355 359 366 474 
460 45 94 176 201 216 274 337 359 374 405 425 446 
461 14 24 36 56 61 79 155 160 168 174 185 248 305 343 346 360 374 407 448 
462 21 159 199 213 265 365 490 
463 118 
464 80 129 145 184 322 374 399 401 443 466 
465 63 114 125 186 204 264 388 
466 273 336 464 483 
467 51 183 221 362 367 404 469 475 
468 32 211 289 312 387 480 488 498 
469 181 263 306 332 404 467 485 
470 68 144 214 244 256 269 315 327 484 496 
471 0 8 41 236 244 299 348 363 380 
472 22 24 33 53 62 140 161 199 228 291 325 355 378 499 
473 267 368 455 
474 16 23 62 65 88 105 209 350 355 438 459 
475 51 183 362 367 467 
476 12 83 164 175 177 226 336 400 443 480 
477 31 189 229 410 
478 32 193 211 326 358 421 423 498 
479 25 50 57 193 220 312 314 423 480 488 
480 164 177 222 400 468 476 479 492 
481 12 119 145 153 165 292 483 
482 48 245 386 390 406 
483 12 42 91 94 119 123 171 239 292 304 466 481 
484 8 40 59 64 66 127 146 232 293 299 361 417 470 496 
485 106 114 181 216 218 242 288 304 364 469 
486 232 268 271 311 334 408 409 426 437 
487 6 12 85 123 341 
488 25 130 162 265 314 377 468 479 490 
489 205 344 433 450 
490 21 92 171 265 462 488 
491 125 198 221 255 452 
492 12 25 57 164 177 314 387 400 480 
493 97 125 191 221 294 331 364 
494 69 82 93 233 248 339 340 370 396 
495 78 163 209 350 376 
496 8 66 104 409 417 470 484 
497 5 131 166 174 300 305 346 356 366 374 
498 139 211 252 289 421 468 478 
499 53 126 150 157 160 185 194 278 279 291 325 359 381 472 
