0 242 424 433 
1 2 10 60 93 185 215 253 276 285 287 296 319 437 467 
2 1 10 37 60 71 93 102 192 285 328 382 394 407 459 480 
3 114 223 295 351 479 
4 166 304 
5 25 34 49 59 80 119 235 329 372 389 413 
6 272 278 364 378 474 
7 159 247 455 468 496 
8 35 156 161 178 209 292 306 380 390 410 484 
9 27 78 159 175 187 193 460 
10 1 2 130 154 190 238 254 274 285 380 437 459 467 
11 85 135 186 207 224 290 313 352 
12 121 142 144 277 368 387 471 
13 25 43 67 95 175 235 353 356 374 376 391 395 413 442 451 463 
14 23 103 111 156 172 267 292 302 306 307 370 390 405 454 473 494 
15 26 110 182 186 204 305 313 427 460 481 
16 46 105 115 139 280 499 
17 251 260 276 
18 197 271 325 327 341 361 376 389 419 461 
19 57 122 497 
20 109 125 180 220 271 290 389 392 398 479 
21 121 264 487 
22 140 243 298 372 438 
23 14 110 125 130 161 163 178 220 228 285 292 382 410 
24 188 198 280 314 
25 5 13 80 118 240 322 325 353 389 395 
26 15 45 135 137 155 182 305 335 396 
27 9 34 78 159 468 496 
28 236 359 406 
29 156 254 303 337 424 486 
30 182 199 204 349 481 
31 60 144 238 276 277 435 480 
32 99 177 291 341 342 359 389 425 478 
33 124 142 203 249 320 340 403 417 
34 5 27 54 275 282 431 463 
35 8 44 135 161 
36 67 110 118 341 369 469 478 
37 2 260 264 405 459 495 
38 79 154 189 295 319 373 
39 229 
40 44 191 217 310 446 
41 122 138 227 241 343 409 452 475 
42 196 211 226 230 278 386 401 
43 13 49 50 74 81 116 119 143 158 160 174 177 184 356 
44 35 40 45 47 152 180 271 281 400 
45 26 44 155 281 313 335 347 400 436 479 
46 16 113 173 225 
47 44 96 109 216 271 325 341 411 461 
48 65 181 191 207 252 289 314 331 404 
49 5 43 59 116 143 158 184 219 329 372 402 412 442 
50 43 116 119 140 143 177 184 322 329 353 372 413 479 
51 89 96 99 118 164 168 244 275 353 451 493 
52 122 146 156 161 163 267 299 450 473 
53 72 87 148 186 278 283 315 427 432 
54 34 175 233 240 263 321 372 412 445 
55 103 132 192 234 319 355 394 400 
56 266 289 366 462 
57 19 77 162 200 265 318 343 350 377 397 418 
58 85 191 207 239 266 270 289 299 323 336 404 
59 5 49 175 177 184 216 321 322 356 395 442 
60 1 2 31 93 123 156 190 254 264 285 373 382 405 459 467 
61 142 222 274 277 293 295 351 384 416 
62 68 195 278 354 386 448 
63 94 173 304 363 490 
64 110 220 305 313 335 354 400 414 456 
65 48 171 191 228 239 279 284 334 336 366 422 462 476 489 
66 74 78 80 119 124 133 143 160 379 412 
67 13 36 292 325 341 354 361 392 425 493 
68 62 128 226 339 345 460 
69 249 268 311 325 385 
70 104 200 307 309 350 407 497 
71 2 123 185 192 201 215 276 296 338 355 370 381 382 423 459 495 
72 53 167 211 278 386 401 455 
73 79 93 223 255 
74 43 66 119 143 158 160 177 268 
75 141 151 267 309 371 375 497 
76 85 115 131 198 239 279 299 331 
77 57 200 213 273 301 312 375 497 
78 9 27 66 95 193 244 360 431 
79 38 73 112 132 192 255 398 417 419 449 
80 5 25 66 143 158 187 205 262 275 354 391 395 
81 43 140 158 329 340 461 
82 88 139 198 228 283 284 366 474 
83 134 246 269 278 304 316 345 364 
84 85 191 418 426 439 483 
85 11 58 76 84 131 191 201 207 217 227 239 270 279 299 331 332 357 421 426 472 489 
86 102 218 277 311 368 416 
87 53 88 191 198 228 232 315 396 456 
88 82 87 128 139 232 323 
89 51 99 153 182 400 451 493 
90 181 371 433 454 485 
91 107 150 264 387 470 
92 227 252 331 
93 1 2 60 73 123 130 132 355 370 373 423 435 453 
94 63 134 166 363 422 427 
95 13 78 168 205 235 244 353 374 463 
96 47 51 164 240 305 400 414 425 468 469 493 
97 162 170 171 331 434 475 
98 127 171 330 332 358 418 452 491 
99 32 51 89 109 174 335 342 347 365 400 478 
100 106 146 156 161 163 248 494 
101 
102 2 86 132 222 384 399 420 
103 14 55 190 209 254 260 302 373 382 390 405 424 
104 70 181 312 375 
105 16 113 188 200 225 297 323 499 
106 100 135 279 310 404 421 492 
107 91 126 130 150 221 277 292 303 319 362 437 486 
108 179 233 243 321 372 406 463 
109 20 47 99 118 354 
110 15 23 36 64 152 281 313 334 421 456 
111 14 146 156 254 292 302 306 370 447 453 473 
112 79 249 293 295 351 399 403 419 420 
113 46 105 115 173 225 280 
114 3 120 145 417 495 
115 16 76 113 131 198 224 279 297 300 310 314 323 357 446 492 
116 43 49 50 140 160 322 402 
117 124 203 258 291 340 351 
118 25 36 51 109 216 244 321 341 342 361 381 413 469 477 493 
119 5 43 50 66 74 143 160 184 197 233 412 
120 114 132 176 327 379 398 417 423 440 449 
121 12 21 169 192 212 264 471 487 
122 19 41 52 170 171 200 489 
123 60 71 93 234 338 373 382 453 454 
124 33 66 117 145 203 288 356 417 498 
125 20 23 164 228 253 281 313 347 432 451 456 
126 107 150 209 337 362 424 467 486 
127 98 162 170 171 181 200 259 332 409 452 475 483 
128 68 88 188 232 297 396 474 499 
129 170 181 227 273 307 497 
130 10 23 93 107 189 276 337 387 447 459 467 
131 76 85 115 191 217 283 299 323 332 334 336 357 366 492 
132 55 79 93 102 120 218 223 238 274 351 384 420 
133 66 174 206 340 
134 83 94 148 227 269 304 363 422 
135 11 26 35 106 139 201 281 310 352 456 
136 231 251 375 397 447 
137 26 313 354 386 411 463 493 
138 41 259 265 279 418 421 
139 16 82 88 135 198 217 280 366 446 
140 22 50 81 116 143 160 179 184 322 329 372 412 
141 75 181 248 251 307 397 
142 12 33 61 277 351 399 
143 43 49 50 66 74 80 119 140 160 177 179 197 206 320 395 
144 12 31 256 285 296 355 437 484 
145 114 124 258 295 338 379 417 
146 52 100 111 202 220 267 286 292 330 454 
147 153 167 196 230 317 444 468 
148 53 134 195 226 269 272 333 427 446 460 
149 155 182 196 349 477 481 
150 91 107 126 285 337 362 470 480 
151 75 248 308 346 348 375 488 497 
152 44 110 223 342 347 425 440 449 451 
153 89 147 167 196 294 401 468 
154 10 38 185 254 344 373 381 382 405 494 
155 26 45 149 167 182 305 313 335 354 
156 8 14 29 52 60 100 111 227 253 292 453 454 473 
157 220 290 302 305 354 425 454 482 
158 43 49 74 80 81 419 
159 7 9 27 165 383 431 
160 43 66 74 116 119 140 143 244 325 
161 8 23 35 52 100 224 266 281 380 390 410 451 454 
162 57 97 127 200 343 350 377 439 
163 23 52 100 201 266 336 347 352 404 410 450 
164 51 96 125 176 271 347 400 411 454 
165 159 199 282 
166 4 94 188 257 280 297 316 474 
167 72 147 153 155 196 230 401 477 
168 51 95 193 211 219 250 275 359 360 455 458 
169 121 222 238 437 487 
170 97 122 127 129 181 213 289 330 418 421 434 447 485 491 
171 65 97 98 122 127 200 309 330 418 434 492 
172 14 209 344 373 459 494 
173 46 63 113 246 304 490 
174 43 99 133 176 398 
175 9 13 54 59 219 321 325 374 413 
176 120 164 174 202 341 365 395 419 423 435 493 
177 32 43 50 59 74 143 233 322 379 391 442 
178 8 23 209 214 267 306 337 344 407 459 473 484 
179 108 140 143 219 233 263 402 431 442 463 
180 20 44 189 214 328 369 381 482 495 
181 48 90 104 127 129 141 170 273 290 334 371 409 452 
182 15 26 30 89 149 155 294 305 335 432 
183 287 466 
184 43 49 50 59 119 140 197 329 402 
185 1 71 154 253 267 292 328 362 370 382 450 484 495 
186 11 15 53 224 310 
187 9 80 329 359 374 463 
188 24 105 128 166 191 198 232 280 297 
189 38 130 180 202 215 234 296 328 358 381 405 459 480 482 
190 10 60 103 221 254 276 303 370 405 453 
191 40 48 58 65 84 85 87 131 188 239 279 357 358 426 434 462 
192 2 55 71 79 121 351 368 381 394 416 435 
193 9 78 168 230 282 359 431 
194 252 289 483 
195 62 148 448 460 474 
196 42 147 149 153 167 349 468 477 
197 18 119 143 184 240 268 430 440 461 
198 24 76 82 87 115 139 188 283 310 323 366 446 492 
199 30 165 
200 57 70 77 105 122 127 162 171 252 343 377 418 492 
201 71 85 135 163 220 290 365 380 
202 146 176 189 234 365 394 436 484 495 
203 33 117 124 249 277 291 293 417 461 
204 15 30 230 386 448 464 493 
205 80 95 216 391 392 395 
206 133 143 268 288 291 320 322 340 376 417 
207 11 48 58 85 241 259 313 336 404 
208 209 215 398 417 479 482 
209 8 103 126 172 178 208 254 267 286 405 407 453 
210 213 350 475 485 
211 42 72 168 317 428 468 481 
212 121 311 
213 77 170 210 409 473 475 485 
214 178 180 215 253 380 390 473 
215 1 71 189 208 214 234 303 328 381 394 398 423 449 482 495 
216 47 59 118 205 275 341 361 365 379 389 391 392 395 493 
217 40 85 131 139 241 266 310 456 
218 86 132 277 416 
219 49 168 175 179 233 298 326 445 
220 20 23 64 146 157 201 290 352 411 
221 107 190 242 264 274 362 407 
222 61 102 169 223 277 351 471 487 
223 3 73 132 152 222 351 384 398 399 417 420 
224 11 115 161 186 310 313 358 
225 46 105 113 283 408 465 499 
226 42 68 148 278 378 
227 41 85 92 129 134 156 241 265 266 336 450 
228 23 65 82 87 125 299 357 366 446 462 492 
229 39 293 399 430 479 
230 42 147 167 193 204 317 324 428 444 481 
231 136 248 251 346 348 397 429 466 488 
232 87 88 128 188 279 297 323 427 
233 54 108 119 177 179 219 235 263 321 361 372 412 458 
234 55 123 189 202 215 319 328 355 449 479 494 495 
235 5 13 95 233 326 359 413 
236 28 298 
237 246 304 408 490 
238 10 31 132 169 319 480 
239 58 65 76 85 191 270 279 366 476 489 
240 25 54 96 197 275 321 391 413 469 
241 41 207 217 227 292 332 421 454 485 489 
242 0 221 303 344 362 407 424 441 473 486 
243 22 108 412 
244 51 78 95 118 160 275 359 414 
245 269 272 339 
246 83 173 237 490 
247 7 317 428 468 496 
248 100 141 151 231 337 344 346 348 488 497 
249 33 69 112 203 291 340 389 440 461 
250 168 275 282 349 383 445 455 463 
251 17 136 141 231 301 397 415 447 488 
252 48 92 194 200 289 300 314 483 
253 1 125 156 185 214 254 362 373 381 423 454 484 
254 10 29 60 103 111 154 190 209 253 260 296 
255 73 79 
256 144 277 319 368 416 449 
257 166 316 465 499 
258 117 145 293 379 403 
259 127 138 207 330 336 434 485 
260 17 37 103 254 370 397 407 424 486 
261 457 
262 80 353 463 
263 54 179 233 353 374 406 431 458 
264 21 37 60 91 121 221 459 480 486 494 
265 57 138 227 475 
266 56 58 161 163 217 227 286 307 
267 14 52 75 146 178 185 209 302 358 370 375 453 
268 69 74 197 206 288 295 329 372 379 392 
269 83 134 148 245 272 367 378 
270 58 85 239 332 357 404 421 426 
271 18 20 44 47 164 313 335 342 347 400 451 
272 6 148 245 269 278 297 316 345 363 427 
273 77 129 181 309 318 346 418 433 
274 10 61 132 221 287 424 470 
275 34 51 80 168 216 240 244 250 349 359 464 
276 1 17 31 71 130 190 296 306 407 453 467 494 
277 12 31 61 86 107 142 203 218 222 256 319 351 368 387 
278 6 42 53 62 72 83 226 272 305 396 448 
279 65 76 85 106 115 138 191 232 239 284 299 334 336 404 426 476 489 
280 16 24 113 139 166 188 314 465 499 
281 44 45 110 125 135 161 335 347 404 
282 34 165 193 250 317 383 393 468 
283 53 82 131 198 225 300 499 
284 65 82 279 332 334 377 426 462 476 
285 1 2 10 23 60 144 150 319 355 373 381 453 466 467 
286 146 209 266 302 306 
287 1 183 274 407 441 473 486 
288 124 206 268 295 340 379 419 461 
289 48 56 58 170 194 252 331 332 336 404 
290 11 20 157 181 201 220 
291 32 117 203 206 249 325 376 498 
292 8 14 23 67 107 111 146 156 185 241 306 338 380 390 466 
293 61 112 203 229 258 384 420 
294 153 182 401 481 496 
295 3 38 61 112 145 268 288 379 394 417 419 
296 1 71 144 189 254 276 328 338 355 394 398 
297 105 115 128 166 188 232 272 366 446 474 499 
298 22 219 236 438 498 
299 52 58 76 85 131 228 279 357 396 404 421 492 
300 115 252 283 314 323 462 492 
301 77 251 307 348 397 488 
302 14 103 111 157 267 286 344 380 405 433 473 494 
303 29 107 190 215 242 405 494 
304 4 63 83 134 173 237 363 364 
305 15 26 64 96 155 157 182 278 354 386 481 
306 8 14 111 178 276 286 292 370 390 433 
307 14 70 129 141 266 301 371 424 488 
308 151 346 
309 70 75 171 273 
310 40 106 115 135 186 198 217 224 336 451 
311 69 86 212 
312 77 104 318 
313 11 15 45 64 110 125 137 155 207 224 271 347 354 426 456 
314 24 48 115 252 280 300 331 
315 53 87 427 448 
316 83 166 257 272 363 364 367 378 388 401 448 474 
317 147 211 230 247 282 428 443 444 468 496 
318 57 273 312 
319 1 38 55 107 234 238 256 277 285 338 368 449 471 494 
320 33 143 206 329 403 498 
321 54 59 108 118 175 233 240 326 329 372 374 406 413 442 
322 25 50 59 116 140 177 206 
323 58 88 105 115 131 198 232 300 339 446 462 
324 230 468 472 
325 18 25 47 67 69 160 175 291 327 389 
326 219 235 321 372 442 445 458 
327 18 120 325 385 398 479 
328 2 180 185 189 215 234 296 459 
329 5 49 50 81 140 184 187 268 320 321 356 376 
330 98 146 170 171 259 331 332 377 418 434 491 
331 48 76 85 92 97 289 314 330 483 492 
332 85 98 127 131 241 270 284 289 330 462 491 
333 148 460 
334 65 110 131 181 279 284 426 476 489 
335 26 45 64 99 155 182 271 281 386 
336 58 65 131 163 207 227 259 279 289 310 366 489 491 
337 29 126 130 150 178 248 459 
338 71 123 145 292 296 319 362 
339 68 245 323 396 474 
340 33 81 117 133 206 249 288 440 449 498 
341 18 32 36 47 67 118 176 216 389 391 469 479 
342 32 99 118 152 271 365 392 417 484 493 
343 41 57 162 200 350 377 439 483 
344 154 172 178 242 248 302 370 429 441 473 
345 68 83 272 
346 151 231 248 273 308 
347 45 99 125 152 163 164 271 281 313 400 451 469 
348 151 231 248 301 433 
349 30 149 196 250 275 
350 57 70 162 210 343 377 409 447 475 485 
351 3 61 112 117 132 142 192 222 223 277 368 394 416 
352 11 135 163 220 
353 13 25 50 51 95 262 263 361 463 
354 62 64 67 80 109 137 155 157 305 313 400 455 
355 55 71 93 144 234 285 296 382 394 449 
356 13 43 59 124 329 395 413 493 
357 85 115 131 191 228 270 299 404 418 426 499 
358 98 189 191 224 267 380 484 
359 28 32 168 187 193 235 244 275 463 477 
360 78 168 372 445 
361 18 67 118 216 233 353 425 
362 107 126 150 185 221 242 253 338 470 
363 63 94 134 272 304 316 367 408 
364 6 83 304 316 
365 99 176 201 202 216 342 411 425 478 479 
366 56 65 82 131 139 198 228 239 297 336 446 
367 269 316 363 396 422 448 
368 12 86 192 256 277 319 351 
369 36 180 380 381 436 
370 14 71 93 111 185 190 260 267 306 344 405 473 
371 75 90 181 307 429 447 485 497 
372 5 22 49 50 54 108 140 233 268 321 326 360 412 445 
373 38 60 93 103 123 154 172 253 285 382 390 407 459 
374 13 95 175 187 263 321 406 442 463 
375 75 77 104 136 151 267 452 
376 13 18 206 291 329 379 498 
377 57 162 200 284 330 343 350 492 
378 6 226 269 316 396 408 474 
379 66 120 145 177 216 258 268 288 295 376 417 
380 8 10 161 201 214 292 302 358 369 390 
381 71 118 154 180 189 192 215 253 285 369 436 450 482 494 
382 2 23 60 71 103 123 154 185 355 373 394 407 449 484 495 
383 159 250 282 431 455 496 
384 61 102 132 223 293 399 420 
385 69 327 391 440 479 
386 42 62 72 137 204 305 335 388 411 456 464 477 
387 12 91 130 277 480 
388 316 386 460 
389 5 18 20 25 32 216 249 325 341 425 440 478 479 493 
390 8 14 103 161 214 292 306 373 380 454 
391 13 80 177 205 216 240 341 385 395 419 
392 20 67 205 216 268 342 414 
393 282 
394 2 55 192 202 215 295 296 351 355 382 423 478 
395 13 25 59 80 143 176 205 216 356 391 413 442 461 
396 26 87 128 278 299 339 367 378 427 446 474 
397 57 136 141 231 251 260 301 497 
398 20 79 120 174 208 215 223 296 327 419 423 430 440 
399 102 112 142 223 229 384 480 
400 44 45 55 64 89 96 99 164 271 347 354 451 478 
401 42 72 153 167 294 316 444 481 
402 49 116 179 184 
403 33 112 258 320 
404 48 58 106 163 207 270 279 281 289 299 357 
405 14 37 60 103 154 189 190 209 302 303 370 409 453 454 473 494 
406 28 108 263 321 374 412 
407 2 70 178 209 221 242 260 276 287 373 382 453 466 473 
408 225 237 363 378 490 
409 41 127 181 213 350 405 429 439 452 475 476 
410 8 23 161 163 
411 47 137 164 220 365 386 425 436 478 
412 49 54 66 119 140 233 243 372 406 458 
413 5 13 50 118 175 235 240 321 356 395 414 
414 64 96 244 392 413 463 469 493 
415 251 
416 61 86 192 218 256 351 487 
417 33 79 114 120 124 145 203 206 208 223 295 342 379 
418 57 84 98 138 170 171 200 273 330 357 434 491 
419 18 79 112 158 176 288 295 391 398 423 440 450 
420 102 112 132 223 293 384 
421 85 106 110 138 170 241 270 299 476 489 491 
422 65 94 134 367 
423 71 93 120 176 215 253 394 398 419 430 435 449 
424 0 29 103 126 242 260 274 307 480 488 
425 32 67 96 152 157 361 365 389 411 478 
426 84 85 191 270 279 284 313 334 357 462 489 
427 15 53 94 148 232 272 315 396 460 472 474 
428 211 230 247 317 443 468 
429 231 344 371 409 447 473 484 
430 197 229 398 423 480 
431 34 78 159 179 193 263 383 
432 53 125 182 
433 0 90 273 302 306 348 
434 97 170 171 191 259 330 418 
435 31 93 176 192 423 436 449 459 
436 45 202 369 381 411 435 
437 1 10 107 144 169 480 
438 22 298 
439 84 162 343 409 475 
440 120 152 197 249 340 385 389 398 419 478 
441 242 287 344 466 
442 13 49 59 177 179 321 326 374 395 445 
443 317 428 444 455 463 496 
444 147 230 317 401 443 
445 54 219 250 326 360 372 442 458 
446 40 115 139 148 198 228 297 323 366 396 472 
447 111 130 136 170 251 350 371 429 452 
448 62 195 204 278 315 316 367 
449 79 120 152 215 234 256 319 340 355 382 423 435 484 
450 52 163 185 227 381 419 484 
451 13 51 89 125 152 161 271 310 347 400 
452 41 98 127 181 375 409 447 475 
453 93 111 123 156 190 209 267 276 285 405 407 459 470 494 
454 14 90 123 146 156 157 161 164 241 253 390 405 473 
455 7 72 168 250 354 383 443 
456 64 87 110 125 135 217 313 386 
457 261 495 
458 168 233 263 326 412 445 
459 2 10 37 60 71 130 172 178 189 264 328 337 373 435 453 467 
460 9 15 68 148 195 333 388 427 
461 18 47 81 197 203 249 288 395 
462 56 65 191 228 284 300 323 332 426 489 492 
463 13 34 95 108 137 179 187 250 262 353 359 374 414 443 477 
464 204 275 386 
465 225 257 280 
466 183 231 285 292 407 441 
467 1 10 60 126 130 276 285 459 494 495 
468 7 27 96 147 153 196 211 247 282 317 324 428 477 
469 36 96 118 240 341 347 414 493 
470 91 150 274 362 453 
471 12 121 222 319 487 
472 85 324 427 446 
473 14 52 111 156 178 213 214 242 287 302 344 370 405 407 429 454 
474 6 82 128 166 195 297 316 339 378 396 427 
475 41 97 127 210 213 265 350 409 439 452 485 489 
476 65 239 279 284 334 409 421 489 
477 118 149 167 196 359 386 463 468 481 
478 32 36 99 365 389 394 400 411 425 440 479 
479 3 20 45 50 208 229 234 327 341 365 385 389 478 
480 2 31 150 189 238 264 387 399 424 430 437 
481 15 30 149 211 230 294 305 401 477 
482 157 180 189 208 215 381 
483 84 127 194 252 331 343 491 492 
484 8 144 178 185 202 253 342 358 382 429 449 450 494 
485 90 170 210 213 241 259 350 371 475 497 
486 29 107 126 242 260 264 287 
487 21 121 169 222 416 471 
488 151 231 248 251 301 307 424 
489 65 85 122 239 241 279 334 336 421 426 462 475 476 
490 63 173 237 246 408 
491 98 170 330 332 336 418 421 483 
492 106 115 131 171 198 200 228 299 300 331 377 462 483 
493 51 67 89 96 118 137 176 204 216 342 356 389 414 469 
494 14 100 154 172 234 264 276 302 303 319 381 405 453 467 484 
495 37 71 114 180 185 202 215 234 382 457 467 
496 7 27 247 294 317 383 443 
497 19 70 75 77 129 151 248 371 397 485 
498 124 291 298 320 340 376 
499 16 105 128 225 257 280 283 297 357 
