0 328 329 440 
1 35 64 67 129 134 150 202 237 330 387 486 
2 82 87 136 155 159 200 295 410 412 479 
3 69 102 117 291 323 326 424 433 472 
4 11 24 129 150 305 330 447 486 
5 53 112 408 477 
6 40 111 137 181 270 282 283 294 333 368 
7 43 65 101 146 159 187 192 258 474 
8 26 49 122 156 225 280 317 320 414 434 471 478 485 
9 12 28 29 90 145 218 268 277 327 386 439 495 
10 52 182 298 324 448 451 490 
11 4 20 24 83 150 179 383 430 447 463 488 
12 9 168 218 234 
13 50 91 106 172 174 176 285 289 352 376 380 398 444 
14 103 273 360 440 460 
15 26 59 226 396 419 
16 41 55 114 158 232 243 457 
17 93 127 232 285 301 347 484 494 
18 216 368 391 
19 107 117 187 299 367 413 416 475 
20 11 24 64 129 142 145 169 223 233 305 330 371 428 439 442 
21 89 123 205 209 248 321 336 421 467 493 
22 80 124 195 204 297 306 397 435 
23 100 161 194 273 348 
24 4 11 20 64 85 108 145 290 293 371 383 387 404 430 
25 34 49 72 184 221 280 
26 8 15 49 72 156 158 184 280 281 309 317 318 414 434 485 
27 38 93 101 191 258 328 432 472 494 
28 9 202 237 268 269 313 319 
29 9 235 
30 40 65 131 250 266 368 431 471 
31 132 156 185 205 221 225 226 324 378 434 446 453 485 493 
32 112 178 264 407 422 427 494 
33 50 289 335 345 363 366 399 411 
34 25 212 280 378 
35 1 67 119 138 182 188 223 263 404 
36 217 231 350 394 437 442 
37 73 97 173 208 210 229 241 451 
38 27 86 127 144 213 310 353 
39 230 255 260 267 454 
40 6 30 99 149 156 175 214 271 310 391 413 
41 16 45 149 344 391 480 481 
42 141 235 277 386 
43 7 71 101 159 213 258 298 323 472 
44 206 325 332 380 444 461 
45 41 55 59 65 149 158 220 298 368 431 
46 183 233 339 487 
47 59 61 97 109 119 120 182 417 
48 105 260 292 325 365 370 388 392 405 
49 8 25 26 72 122 198 321 401 434 485 
50 13 33 105 106 176 207 254 289 335 357 375 392 395 399 411 
51 196 203 227 257 264 408 494 
52 10 110 249 349 371 414 428 493 
53 5 93 206 256 257 276 363 
54 260 342 352 397 498 
55 16 45 111 149 239 266 283 298 471 
56 70 88 309 362 401 414 
57 65 221 310 
58 224 394 442 488 
59 15 45 47 214 275 283 310 344 431 438 471 
60 360 432 
61 47 82 179 228 240 249 324 
62 87 241 246 275 285 354 423 499 
63 85 119 147 160 173 384 412 414 479 483 
64 1 20 24 70 108 121 142 145 186 218 251 356 387 
65 7 30 45 57 94 131 140 266 409 471 
66 81 101 177 180 213 303 323 393 424 427 
67 1 35 83 124 150 296 305 394 437 459 463 
68 312 355 363 477 491 
69 3 75 107 118 323 369 372 373 409 450 
70 56 64 141 156 198 235 261 309 351 478 
71 43 102 214 252 262 284 323 326 368 403 416 456 460 475 
72 25 26 49 122 185 205 225 280 
73 37 133 167 174 210 241 242 339 352 464 491 498 
74 87 180 232 275 276 346 347 474 
75 69 282 294 333 369 372 377 391 468 480 
76 132 209 216 331 338 378 418 469 
77 98 123 132 137 283 372 425 438 468 481 
78 197 256 347 363 491 
79 104 176 206 254 289 315 380 399 466 
80 22 183 204 442 
81 66 86 101 159 187 213 302 310 413 416 494 
82 2 61 85 86 109 127 140 157 160 191 232 258 300 346 381 
83 11 67 121 124 150 169 193 195 223 296 305 447 463 
84 341 353 367 406 
85 24 63 82 140 208 229 241 246 253 458 476 
86 38 81 82 87 155 180 250 346 400 499 
87 2 62 74 86 155 180 275 484 
88 56 114 182 201 290 396 401 404 478 
89 21 111 115 135 139 163 321 336 374 389 402 421 467 
90 9 142 268 318 386 
91 13 190 247 357 365 380 398 454 
92 98 156 165 185 311 321 364 378 389 446 467 
93 17 27 53 127 278 301 334 408 410 
94 65 175 220 239 270 271 282 283 286 338 372 391 425 480 
95 124 129 138 193 195 217 296 394 
96 222 304 403 409 472 475 
97 37 47 155 300 366 412 443 474 
98 77 92 123 214 216 282 331 438 
99 40 143 241 334 419 428 474 
100 23 103 194 348 
101 7 27 43 66 81 159 192 232 329 
102 3 71 107 284 310 323 326 403 468 
103 14 100 
104 79 105 176 197 245 395 491 
105 48 50 104 190 292 325 370 405 461 
106 13 50 197 308 312 314 340 345 390 
107 19 69 102 323 475 
108 24 64 119 211 387 430 
109 47 82 126 131 146 160 258 300 323 381 
110 52 116 162 199 249 384 448 478 
111 6 55 89 158 185 215 243 281 284 334 343 436 449 453 473 481 
112 5 32 172 200 203 276 322 347 379 466 
113 142 195 306 442 451 463 
114 16 88 156 162 309 478 
115 89 135 166 272 374 421 
116 110 238 334 362 451 455 483 
117 3 19 171 187 222 326 368 456 
118 69 215 239 286 418 425 436 438 453 
119 35 47 63 108 199 238 340 359 384 430 451 490 
120 47 126 131 143 240 285 483 
121 64 83 162 186 201 235 251 316 324 387 
122 8 49 72 221 434 485 493 495 
123 21 77 98 216 286 
124 22 67 83 95 150 437 
125 132 165 270 331 452 457 
126 109 120 131 158 160 180 
127 17 38 82 93 191 203 312 393 408 484 494 
128 141 201 212 218 235 320 324 
129 1 4 20 95 169 188 279 296 305 350 383 394 437 496 
130 137 149 270 271 283 294 338 468 485 
131 30 65 109 120 126 284 285 298 323 
132 31 76 77 125 311 457 465 
133 73 210 242 345 352 385 464 
134 1 168 234 313 327 488 
135 89 115 166 248 321 364 467 
136 2 191 200 276 345 347 408 
137 6 77 130 216 239 243 331 450 465 
138 35 95 223 224 240 244 287 290 296 383 384 385 483 
139 89 402 465 
140 65 82 85 182 349 428 
141 42 70 128 212 318 446 495 
142 20 64 90 113 150 169 201 263 305 383 
143 99 120 384 448 451 483 
144 38 202 212 235 277 309 
145 9 20 24 64 150 169 193 202 269 290 313 316 330 356 495 
146 7 109 159 192 240 258 300 368 381 484 
147 63 334 417 
148 353 
149 40 41 45 55 130 164 175 239 271 283 373 391 416 425 436 
150 1 4 11 67 83 124 142 145 186 231 296 330 383 430 470 
151 370 388 405 461 
152 153 171 262 
153 152 271 294 333 480 
154 219 230 441 454 498 
155 2 86 87 97 301 410 424 
156 8 26 31 40 70 92 114 165 205 226 320 378 389 473 493 
157 82 187 196 213 302 346 353 
158 16 26 45 111 126 262 291 298 344 420 
159 2 7 43 81 101 146 192 213 232 284 303 403 420 
160 63 82 109 126 300 381 409 
161 23 361 391 460 
162 110 114 121 182 201 280 356 383 404 448 478 490 
163 89 402 467 
164 149 243 286 372 391 416 418 
165 92 125 156 198 281 311 389 446 473 
166 115 135 248 321 336 374 421 467 
167 73 306 339 359 441 489 
168 12 134 231 
169 20 83 129 142 145 188 430 447 
170 264 304 440 497 
171 117 152 222 304 456 475 
172 13 112 256 276 289 301 328 346 408 484 
173 37 63 241 424 429 443 458 
174 13 73 253 260 295 345 366 379 400 443 445 458 464 498 
175 40 94 149 181 243 283 284 338 372 
176 13 50 79 104 197 206 207 245 278 315 370 376 395 399 466 491 
177 66 178 196 264 302 337 346 393 
178 32 177 407 
179 11 61 218 249 345 362 396 414 483 
180 66 74 86 87 126 275 412 479 
181 6 175 270 294 369 373 
182 10 35 47 88 140 162 225 228 244 249 250 349 362 417 419 
183 46 80 487 
184 25 26 389 
185 31 72 92 111 198 228 243 320 425 485 
186 64 121 150 235 290 293 316 387 
187 7 19 81 117 157 310 323 420 433 
188 35 129 169 223 224 238 244 287 290 383 447 459 470 
189 332 365 461 
190 91 105 247 308 390 392 492 
191 27 82 127 136 200 322 328 342 
192 7 101 146 159 203 258 432 
193 83 95 145 223 238 244 279 383 455 459 470 488 
194 23 100 348 460 
195 22 83 95 113 217 224 287 435 442 459 
196 51 157 177 302 337 422 
197 78 104 106 176 289 314 345 347 466 477 491 
198 49 70 165 185 225 320 378 446 471 493 
199 110 119 238 253 307 385 448 451 
200 2 112 136 191 393 424 
201 88 121 128 142 162 212 218 251 293 351 356 386 387 448 495 
202 1 28 144 145 234 235 
203 51 112 127 192 302 407 
204 22 80 287 358 
205 21 31 72 156 221 243 281 351 378 389 481 
206 44 53 79 176 207 289 315 335 355 376 395 477 491 
207 50 176 206 315 366 392 395 399 466 491 
208 37 85 223 253 359 476 490 
209 21 76 216 382 452 
210 37 73 133 241 246 267 308 312 366 443 
211 108 
212 34 128 141 144 201 249 318 
213 38 43 66 81 157 159 299 302 329 337 348 432 
214 40 59 71 98 220 283 368 373 413 
215 111 118 226 228 324 344 436 438 449 453 481 
216 18 76 98 123 137 209 336 457 
217 36 95 195 223 287 296 394 397 496 
218 9 12 64 128 179 201 430 478 
219 154 230 260 267 390 395 415 464 
220 45 94 214 270 271 283 368 372 431 480 
221 25 31 57 122 205 225 237 281 320 324 343 485 
222 96 117 171 304 
223 20 35 83 138 188 193 208 217 237 451 
224 58 138 188 195 287 385 455 
225 8 31 72 182 198 221 280 317 320 324 343 351 401 493 
226 15 31 156 215 249 261 324 351 481 485 
227 51 264 
228 61 182 185 215 243 249 266 311 324 471 481 
229 37 85 265 307 340 359 400 458 492 
230 39 154 219 247 415 441 454 
231 36 150 168 234 313 437 447 
232 16 17 74 82 101 159 284 310 346 472 
233 20 46 397 435 496 
234 12 134 202 231 313 327 488 
235 29 42 70 121 128 144 186 202 251 277 290 293 309 316 414 
236 274 299 367 
237 1 28 221 223 293 313 316 486 
238 116 119 188 193 199 244 253 307 385 490 
239 55 94 118 137 149 271 286 421 450 468 
240 61 120 138 146 362 417 
241 37 62 73 85 99 173 210 284 295 308 400 411 
242 73 133 295 312 354 400 429 
243 16 111 137 164 175 185 205 228 283 414 449 
244 138 182 188 193 238 287 
245 104 176 315 332 355 461 
246 62 85 210 295 443 474 
247 91 190 230 260 314 332 340 352 365 370 388 415 
248 21 135 166 402 467 
249 52 61 110 179 182 212 226 228 396 419 431 438 471 483 485 
250 30 86 182 266 368 431 471 
251 64 121 201 235 343 356 387 486 
252 71 274 304 323 326 409 
253 85 174 199 208 238 265 307 458 
254 50 79 355 390 466 491 
255 39 415 454 462 489 
256 53 78 172 312 345 410 477 
257 51 53 264 278 407 
258 7 27 43 82 109 146 192 302 303 346 393 
259 325 335 352 357 392 466 
260 39 48 54 174 219 247 405 454 
261 70 226 281 
262 71 152 158 323 391 403 409 456 
263 35 142 265 371 383 404 490 
264 32 51 170 177 227 257 424 
265 229 253 263 308 366 
266 30 55 65 228 250 419 
267 39 210 219 498 
268 9 28 90 386 439 486 495 
269 28 145 319 426 
270 6 94 125 130 181 220 283 286 338 372 413 425 438 468 
271 40 94 130 149 153 220 239 282 284 286 333 338 369 391 
272 115 331 374 402 465 
273 14 23 406 
274 236 252 299 326 
275 59 62 74 87 180 347 429 479 484 
276 53 74 112 136 172 278 322 342 379 408 
277 9 42 144 235 324 386 495 
278 93 176 257 276 395 
279 129 193 296 305 350 463 
280 8 25 26 34 72 162 225 317 320 324 351 401 434 493 
281 26 111 165 205 221 261 320 436 473 493 
282 6 75 94 98 271 373 377 389 391 480 
283 6 55 59 77 94 130 149 175 214 220 243 270 286 338 372 
284 71 102 111 131 159 175 232 241 271 298 326 368 416 472 
285 13 17 62 120 131 
286 94 118 123 164 239 270 271 283 338 369 372 425 450 452 
287 138 188 195 204 217 224 244 351 383 435 455 459 470 
288 326 337 341 427 460 497 
289 13 33 50 79 172 197 206 295 312 357 390 398 399 405 411 466 
290 24 88 138 145 186 188 235 293 305 316 356 387 401 448 486 
291 3 158 298 417 471 
292 48 105 370 380 392 461 
293 24 186 201 235 237 290 316 404 430 463 486 
294 6 75 130 153 181 338 369 373 377 433 
295 2 174 241 242 246 289 308 400 412 423 443 479 
296 67 83 95 129 138 150 217 279 305 383 385 394 430 463 
297 22 435 445 470 496 
298 10 43 45 55 131 158 284 291 
299 19 213 236 274 304 497 
300 82 97 109 146 160 346 381 499 
301 17 93 155 172 395 408 429 494 
302 81 157 177 196 203 213 258 304 329 337 341 440 
303 66 159 258 456 
304 96 170 171 222 252 299 302 456 
305 4 20 67 83 129 142 279 290 296 401 448 
306 22 113 167 397 487 
307 199 229 238 253 330 349 459 490 
308 106 190 210 241 265 295 366 400 415 429 
309 26 56 70 114 144 235 324 389 478 
310 38 40 57 59 81 102 187 232 420 472 
311 92 132 165 228 436 446 480 481 
312 68 106 127 210 242 256 289 314 342 345 347 363 375 399 491 
313 28 134 145 231 234 237 327 
314 106 197 247 312 315 345 379 399 400 411 
315 79 176 206 207 245 314 335 380 395 
316 121 145 186 235 237 290 293 439 
317 8 26 225 280 436 
318 26 90 141 212 351 387 493 
319 28 269 426 
320 8 128 156 185 198 221 225 280 281 351 434 446 473 485 
321 21 49 89 92 135 166 336 374 421 446 467 
322 112 191 276 328 346 494 
323 3 43 66 69 71 102 107 109 131 187 252 262 391 409 420 468 
324 10 31 61 121 128 215 221 225 226 228 277 280 309 356 396 414 485 
325 44 48 105 259 370 380 461 
326 3 71 102 117 252 274 284 288 472 475 
327 9 134 234 313 426 
328 0 27 172 191 322 424 432 
329 0 101 213 302 337 341 348 360 432 
330 1 4 20 145 150 307 351 386 439 486 
331 76 98 125 137 272 449 469 
332 44 189 245 247 461 
333 6 75 153 271 373 
334 93 99 111 116 147 362 483 
335 33 50 206 259 315 357 376 444 466 484 
336 21 89 166 216 321 374 402 421 
337 177 196 213 288 302 329 341 406 432 
338 76 94 130 175 270 271 283 286 294 372 418 453 
339 46 73 167 441 487 492 
340 106 119 229 247 352 400 492 498 
341 84 288 302 329 337 360 
342 54 191 276 312 355 376 410 
343 111 221 225 251 381 389 396 401 
344 41 59 158 215 431 438 471 
345 33 106 133 136 174 179 197 256 312 314 375 376 390 400 
346 74 82 86 157 172 177 232 258 300 322 381 408 484 499 
347 17 74 78 112 136 197 275 312 393 412 423 424 
348 23 100 194 213 329 360 406 
349 52 140 182 307 448 483 
350 36 129 279 455 463 
351 70 201 205 225 226 280 287 318 320 330 401 
352 13 54 73 133 247 259 340 443 445 464 
353 38 84 148 157 422 
354 62 242 375 
355 68 206 245 254 342 380 466 477 
356 64 145 162 201 251 290 324 387 486 495 
357 50 91 259 289 335 366 399 
358 204 496 
359 119 167 208 229 385 
360 14 60 329 341 348 460 
361 161 367 
362 56 116 179 182 240 334 414 451 490 
363 33 53 68 78 312 366 376 466 477 
364 92 135 374 
365 48 91 189 247 388 405 462 
366 33 97 174 207 210 265 308 357 363 400 477 
367 19 84 236 361 
368 6 18 30 45 71 117 146 214 220 250 284 403 409 433 
369 69 75 181 271 286 294 372 391 413 
370 48 105 151 176 247 292 325 388 392 405 444 461 
371 20 24 52 263 386 447 
372 69 75 77 94 164 175 220 270 283 286 338 369 391 468 480 
373 69 149 181 214 282 294 333 377 
374 89 115 166 272 321 336 364 402 421 457 467 
375 50 312 345 354 379 
376 13 176 206 335 342 345 363 410 411 477 491 
377 75 282 294 373 450 468 480 
378 31 34 76 92 156 198 205 
379 112 174 276 314 375 408 484 
380 13 44 79 91 292 315 325 355 388 390 398 
381 82 109 146 160 300 343 346 417 499 
382 209 465 
383 11 24 129 138 142 150 162 188 193 263 287 296 459 
384 63 110 119 138 143 410 451 483 490 492 
385 133 138 199 224 238 296 359 
386 9 42 90 201 268 277 330 371 439 483 486 
387 1 24 64 108 121 186 201 251 290 318 356 
388 48 151 247 365 370 380 390 405 
389 89 92 156 165 184 205 282 309 343 401 446 473 
390 106 190 219 254 289 345 380 388 405 
391 18 40 41 75 94 149 161 164 262 271 282 323 369 372 468 
392 48 50 190 207 259 292 370 399 
393 66 127 177 200 258 347 407 424 
394 36 58 67 95 129 217 296 447 459 
395 50 104 176 206 207 219 278 301 315 398 461 466 477 491 
396 15 88 179 249 324 343 414 451 
397 22 54 217 233 306 435 455 
398 13 91 289 380 395 
399 33 50 79 176 207 289 312 314 357 392 411 461 
400 86 174 229 241 242 295 308 314 340 345 366 412 423 
401 49 56 88 225 280 290 305 343 351 389 414 471 485 
402 89 139 163 248 272 336 374 
403 71 96 102 159 262 368 433 
404 24 35 88 162 263 293 448 490 
405 48 105 151 260 289 365 370 388 390 461 
406 84 273 337 348 497 
407 32 178 203 257 393 
408 5 51 93 127 136 172 276 301 346 379 410 423 
409 65 69 96 160 252 262 323 368 433 
410 2 93 155 256 342 376 384 408 423 464 
411 33 50 241 289 314 376 399 491 
412 2 63 97 180 295 347 400 423 499 
413 19 40 81 214 270 369 471 
414 8 26 52 56 63 179 235 243 324 362 396 401 428 448 478 481 
415 219 230 247 255 308 454 489 
416 19 71 81 149 164 284 
417 47 147 182 240 291 381 
418 76 118 164 338 425 453 469 471 
419 15 99 182 249 266 471 473 481 
420 158 159 187 310 323 
421 21 89 115 166 239 321 336 374 467 
422 32 196 353 
423 62 295 347 400 408 410 412 443 464 479 
424 3 66 155 173 200 264 328 347 393 
425 77 94 118 149 185 270 286 418 438 449 469 
426 269 319 327 488 
427 32 66 288 
428 20 52 99 140 414 
429 173 242 275 301 308 484 
430 11 24 108 119 150 169 218 293 296 486 
431 30 45 59 220 249 250 344 
432 27 60 192 213 328 329 337 
433 3 187 294 368 403 409 
434 8 26 31 49 122 280 320 
435 22 195 233 287 297 397 451 455 487 
436 111 118 149 215 281 311 317 438 
437 36 67 124 129 231 459 
438 59 77 98 118 215 249 270 344 425 436 
439 9 20 268 316 330 386 495 
440 0 14 170 302 497 
441 154 167 230 339 
442 20 36 58 80 113 195 
443 97 173 174 210 246 295 352 423 464 
444 13 44 335 370 461 
445 174 297 352 492 
446 31 92 141 165 198 311 320 321 389 465 473 493 
447 4 11 83 169 188 231 371 394 463 
448 10 110 143 162 199 201 290 305 349 404 414 458 478 485 
449 111 215 243 331 425 
450 69 137 239 286 377 468 
451 10 37 113 116 119 143 199 223 362 384 396 435 479 483 
452 125 209 286 467 469 
453 31 111 118 215 338 418 493 
454 39 91 154 230 255 260 415 498 
455 116 193 224 287 350 397 435 459 470 
456 71 117 171 262 303 304 472 
457 16 125 132 216 374 469 
458 85 173 174 229 253 448 
459 67 188 193 195 287 307 383 394 437 455 470 
460 14 71 161 194 288 360 
461 44 105 151 189 245 292 325 332 370 395 399 405 444 
462 255 365 
463 11 67 83 113 279 293 296 350 447 
464 73 133 174 219 352 410 423 443 
465 132 137 139 272 382 446 
466 79 112 176 197 207 254 259 289 335 355 363 395 491 
467 21 89 92 135 163 166 248 321 374 421 452 
468 75 77 102 130 239 270 323 372 377 391 450 480 
469 76 331 418 425 452 457 473 
470 150 188 193 287 297 455 459 
471 8 30 55 59 65 198 228 249 250 291 344 401 413 418 419 481 
472 3 27 43 96 232 284 310 326 456 
473 111 156 165 281 320 389 419 446 469 493 
474 7 74 97 99 246 
475 19 71 96 107 171 326 
476 85 208 
477 5 68 197 206 256 355 363 366 376 395 
478 8 70 88 110 114 162 218 309 414 448 
479 2 63 180 275 295 423 451 
480 41 75 94 153 220 282 311 372 377 468 
481 41 77 111 205 215 226 228 311 414 419 471 
482 
483 63 116 120 138 143 179 249 334 349 384 386 451 
484 17 87 127 146 172 275 335 346 379 429 
485 8 26 31 49 122 130 185 221 226 249 320 324 401 448 493 
486 1 4 237 251 268 290 293 330 356 386 430 
487 46 183 306 339 435 
488 11 58 134 193 234 426 
489 167 255 415 492 
490 10 119 162 208 238 263 307 362 384 404 
491 68 73 78 104 176 197 206 207 254 312 376 395 411 466 
492 190 229 339 340 384 445 489 
493 21 31 52 122 156 198 225 280 281 318 446 453 473 485 
494 17 27 32 51 81 127 301 322 
495 9 122 141 145 201 268 277 356 439 
496 129 217 233 297 358 
497 170 288 299 406 440 
498 54 73 154 174 267 340 454 
499 62 86 300 346 381 412 
