0 6 15 46 56 95 117 168 252 261 332 403 415 438 462 
1 93 118 161 170 175 179 210 307 368 406 435 457 
2 155 179 217 296 384 428 479 497 
3 50 53 95 117 266 354 430 
4 23 35 49 214 234 320 339 359 373 377 443 496 
5 261 263 266 415 
6 0 50 266 316 371 413 421 438 
7 28 232 274 304 386 
8 141 273 432 449 
9 60 195 255 311 381 
10 63 73 78 89 170 227 242 243 298 307 328 414 483 489 492 
11 108 124 164 196 262 423 
12 121 122 134 138 320 331 347 389 397 416 
13 169 267 269 276 284 300 434 
14 17 85 174 310 353 363 369 493 
15 0 67 108 117 135 158 354 360 430 460 462 
16 114 182 188 275 299 351 422 495 
17 14 129 149 222 324 391 
18 81 113 322 331 340 431 495 
19 76 163 335 355 382 387 
20 162 168 174 185 207 214 251 308 338 358 400 
21 68 80 104 140 
22 133 409 413 
23 4 160 295 314 321 
24 50 83 95 133 230 264 287 293 360 486 491 
25 30 61 78 89 93 170 216 242 271 314 328 367 372 406 435 483 492 
26 52 192 212 219 250 279 287 377 435 464 
27 226 277 355 387 
28 7 66 102 111 227 232 274 289 298 325 428 
29 58 78 242 268 296 367 378 406 435 458 483 
30 25 50 83 270 287 374 433 491 
31 32 43 165 205 388 402 
32 31 200 
33 51 83 112 126 280 405 
34 70 96 119 203 303 318 338 
35 4 49 148 160 359 373 
36 50 97 261 263 287 308 339 343 400 
37 101 137 164 423 424 
38 65 224 280 306 469 
39 131 171 193 246 272 380 383 399 
40 88 110 146 200 201 213 323 350 395 407 453 
41 56 229 252 253 332 360 403 421 430 462 
42 52 61 191 297 390 431 435 447 483 
43 31 73 110 228 
44 74 128 154 204 311 356 
45 84 132 239 274 348 425 428 
46 0 207 316 358 403 421 
47 58 73 118 189 193 250 271 290 296 352 378 428 494 
48 91 116 208 292 394 467 
49 4 35 97 160 339 410 496 
50 3 6 24 30 36 98 133 148 185 212 231 238 256 266 287 293 350 379 
51 33 163 463 469 
52 26 42 120 191 248 268 279 303 331 347 390 396 431 455 473 
53 3 83 92 183 231 238 264 266 270 379 433 
54 146 163 201 323 407 453 
55 66 77 79 89 100 118 189 193 304 307 368 380 398 411 419 492 
56 0 41 64 69 252 266 308 421 430 
57 63 147 165 288 388 393 489 
58 29 47 78 93 175 216 242 254 319 419 435 488 
59 65 203 347 403 
60 9 255 278 348 461 
61 25 42 139 212 236 282 296 309 314 319 347 377 390 458 
62 149 178 240 310 363 493 
63 10 57 111 140 172 228 242 298 401 402 439 477 
64 56 92 133 135 142 231 256 266 270 283 354 413 433 
65 38 59 158 253 371 
66 28 55 77 78 89 100 102 131 227 272 298 304 401 414 479 488 
67 15 108 135 203 230 251 287 338 403 438 
68 21 104 145 260 342 385 388 
69 56 88 109 130 142 212 229 286 346 350 379 471 474 487 
70 34 174 178 310 339 343 359 361 
71 87 116 215 223 295 
72 78 193 248 263 313 411 428 483 485 
73 10 43 47 82 89 93 161 170 210 228 242 298 328 402 414 428 488 492 
74 44 127 356 
75 422 432 
76 19 98 152 200 211 407 457 487 
77 55 66 79 100 110 179 290 384 437 
78 10 25 29 58 66 72 93 172 242 411 414 419 451 483 492 
79 55 77 118 131 265 408 
80 21 205 211 370 385 388 492 
81 18 114 157 282 331 340 384 446 452 459 472 
82 73 89 93 155 172 216 233 328 406 412 414 419 464 492 
83 24 30 33 53 142 212 231 238 245 301 
84 45 128 171 204 232 265 
85 14 101 137 156 178 312 324 363 493 
86 139 279 419 491 
87 71 99 116 127 144 208 275 345 
88 40 69 286 323 362 405 457 
89 10 25 55 66 73 82 233 244 258 328 393 401 411 414 
90 145 153 167 194 255 288 341 393 465 468 478 484 
91 48 99 356 
92 53 64 135 162 253 264 287 306 354 409 
93 1 25 58 73 78 82 97 175 242 244 283 307 319 328 367 406 464 488 
94 97 107 160 234 334 343 455 496 
95 0 3 24 162 212 245 264 270 301 413 433 
96 34 103 164 174 178 207 249 262 305 310 324 359 423 
97 36 49 93 94 125 162 185 263 365 377 396 415 426 
98 50 76 213 286 346 382 453 476 
99 87 91 141 150 223 241 299 333 420 422 449 
100 55 66 77 111 147 265 317 325 348 378 384 
101 37 85 137 156 178 240 353 359 423 
102 28 66 145 147 290 296 325 392 464 
103 96 124 137 174 262 312 324 369 423 
104 21 68 169 260 337 385 404 418 434 
105 221 
106 189 380 383 419 451 485 
107 94 122 246 315 343 389 416 451 455 
108 11 15 67 135 251 252 316 332 400 430 438 462 
109 69 130 218 270 372 476 
110 40 43 77 166 407 453 
111 28 63 100 118 179 186 241 378 386 
112 33 115 126 224 371 463 475 
113 18 181 190 241 246 329 389 444 446 
114 16 81 295 340 490 
115 112 212 280 335 
116 48 71 87 182 299 357 422 449 452 
117 0 3 15 135 203 207 252 403 430 438 462 476 480 486 
118 1 47 55 79 111 147 189 227 271 368 383 384 459 
119 34 196 219 249 297 303 305 318 
120 52 139 191 347 396 473 
121 12 138 177 246 331 347 416 451 
122 12 107 134 193 246 322 376 
123 187 221 224 247 259 371 413 
124 11 103 149 312 423 
125 97 185 192 199 279 365 410 
126 33 112 256 270 327 413 440 463 
127 74 87 208 274 345 394 408 467 
128 44 84 154 198 408 441 
129 17 143 160 178 196 303 
130 69 109 183 372 471 476 
131 39 66 79 189 348 384 392 399 
132 45 151 239 441 
133 22 24 50 64 203 287 301 354 413 
134 12 122 234 322 343 389 
135 15 64 67 92 108 117 187 230 332 430 438 
136 140 145 186 194 217 233 294 364 456 465 478 
137 37 85 101 103 178 220 353 423 424 
138 12 121 322 331 340 380 417 431 444 
139 61 86 120 219 236 243 263 283 313 
140 21 63 136 147 153 172 206 364 401 428 456 465 478 492 
141 8 99 176 273 292 445 
142 64 69 83 286 379 409 471 476 
143 129 149 168 305 
144 87 182 241 333 425 472 
145 68 90 102 136 173 184 260 289 456 478 
146 40 54 200 407 453 
147 57 100 102 118 140 155 242 272 290 309 347 477 492 
148 35 50 236 245 263 279 297 374 452 458 470 
149 17 62 124 143 156 222 499 
150 99 333 345 357 420 425 452 459 
151 132 154 265 290 325 
152 76 226 344 385 
153 90 140 206 260 278 285 478 
154 44 128 151 348 381 441 
155 2 82 147 170 179 328 378 393 414 428 479 488 492 
156 85 101 149 310 353 369 481 
157 81 197 333 444 446 455 459 
158 15 65 168 253 293 303 306 332 360 
159 169 276 284 288 404 418 436 
160 23 35 49 94 129 236 321 373 443 
161 1 73 175 242 304 372 402 489 
162 20 92 95 97 207 214 303 308 339 377 
163 19 51 54 405 474 487 
164 11 37 96 199 237 262 423 
165 31 57 370 489 
166 110 231 243 283 395 470 
167 90 257 269 285 288 294 300 418 468 
168 0 20 143 158 400 429 480 
169 13 104 159 206 276 278 284 300 434 468 
170 1 10 25 73 155 210 242 319 378 398 406 419 464 
171 39 84 209 331 386 420 422 
172 63 78 82 140 218 244 342 364 402 454 
173 145 269 366 
174 14 20 70 96 103 178 249 365 
175 1 58 93 161 210 216 219 228 243 298 307 328 352 367 414 419 
176 141 182 432 
177 121 248 268 281 315 331 390 417 431 444 447 451 473 
178 62 70 85 96 101 129 137 174 237 262 310 361 429 
179 1 2 77 111 155 304 348 368 399 477 
180 280 
181 113 315 322 329 455 490 495 
182 16 116 144 176 275 459 
183 53 130 213 256 286 301 476 
184 145 186 194 217 257 317 461 484 
185 20 50 97 125 430 433 
186 111 136 184 255 289 317 479 488 
187 123 135 253 306 360 371 
188 16 235 291 
189 47 55 106 118 131 254 271 272 313 380 384 447 452 494 
190 113 331 389 420 431 443 477 
191 42 52 120 222 248 254 268 297 347 390 417 431 443 458 
192 26 125 282 321 347 373 426 
193 39 47 55 72 122 271 282 304 309 313 368 383 390 447 485 
194 90 136 184 244 294 317 341 381 439 479 484 
195 9 202 233 289 325 
196 11 119 129 251 303 305 339 365 443 499 
197 157 281 299 345 446 449 459 
198 128 239 265 425 449 
199 125 164 303 305 339 499 
200 32 40 76 146 211 267 352 489 
201 40 54 286 471 
202 195 217 258 317 356 381 450 461 
203 34 59 67 117 133 308 360 400 403 
204 44 84 265 333 356 386 425 441 
205 31 80 350 370 388 
206 140 153 169 260 267 288 342 364 412 418 450 465 478 
207 20 46 96 117 162 264 308 
208 48 87 127 244 311 408 
209 171 268 272 281 311 446 452 459 485 494 
210 1 73 170 175 
211 76 80 200 286 355 407 476 
212 26 50 61 69 83 95 115 219 243 245 283 309 346 426 
213 40 98 183 286 346 372 
214 4 20 162 
215 71 315 490 495 498 
216 25 58 82 175 233 242 243 367 414 419 464 
217 2 136 184 202 255 311 479 484 
218 109 172 382 387 
219 26 119 139 175 212 236 314 443 470 
220 137 353 363 424 481 499 
221 105 123 225 336 
222 17 149 191 376 498 
223 71 99 241 299 394 422 
224 38 112 123 225 280 336 
225 221 224 259 302 306 336 463 
226 27 152 228 344 387 471 487 
227 10 28 66 118 290 307 398 399 411 414 417 492 
228 43 63 73 175 226 233 298 378 393 436 
229 41 69 247 256 293 
230 24 67 135 252 264 287 308 462 474 
231 50 53 64 83 166 238 263 270 293 323 354 491 
232 7 28 84 239 274 384 386 
233 82 89 136 195 216 228 242 328 414 437 483 488 
234 4 94 134 246 303 330 339 359 375 391 496 
235 188 291 329 331 397 416 
236 61 139 148 160 219 244 279 297 309 406 
237 164 178 
238 50 53 83 231 256 346 379 
239 45 132 198 232 441 467 
240 62 101 334 343 353 369 493 
241 99 111 113 144 223 275 299 445 449 
242 10 25 29 58 63 73 78 93 147 161 170 216 233 325 367 406 411 419 464 
243 10 139 166 175 212 216 283 350 464 470 
244 89 93 172 194 208 236 271 298 328 352 367 393 402 406 414 
245 83 95 148 212 263 374 396 421 
246 39 107 113 121 122 234 331 420 444 451 
247 123 229 256 293 362 379 
248 52 72 177 191 352 
249 96 119 174 262 320 343 361 423 499 
250 26 47 271 282 304 368 380 398 399 411 414 444 477 483 492 
251 20 67 108 196 305 318 324 429 486 
252 0 41 56 108 117 230 332 371 
253 41 65 92 158 187 
254 58 189 191 268 272 367 399 411 
255 9 60 90 186 217 317 439 461 477 497 
256 50 64 126 183 229 238 247 293 372 379 409 413 
257 167 184 285 326 412 456 468 
258 89 202 381 468 
259 123 225 336 463 
260 68 104 145 153 206 
261 0 5 36 287 354 377 
262 11 96 103 164 178 249 305 324 
263 5 36 72 97 139 148 231 245 354 365 396 426 
264 24 53 92 95 207 230 266 270 421 433 
265 79 84 100 151 198 204 274 356 394 479 
266 3 5 6 50 53 56 64 264 287 371 403 480 
267 13 200 206 278 412 418 436 454 465 
268 29 52 177 191 209 254 331 380 390 417 425 447 451 473 494 
269 13 167 173 284 300 326 341 404 
270 30 53 64 95 109 126 231 264 316 362 
271 25 47 118 189 193 244 250 319 368 398 417 447 485 
272 39 66 147 189 209 254 296 348 368 383 451 
273 8 141 292 383 
274 7 28 45 127 232 265 345 425 452 
275 16 87 182 241 292 299 432 445 
276 13 159 169 284 326 418 434 468 
277 27 382 475 
278 60 153 169 267 285 288 402 434 478 
279 26 52 86 125 148 236 297 309 380 426 458 
280 33 38 115 180 224 302 336 
281 177 197 209 340 380 446 485 494 
282 61 81 192 193 250 309 314 359 444 491 494 
283 64 93 139 166 212 243 350 464 
284 13 159 169 269 276 326 366 
285 153 167 257 278 465 468 482 
286 69 88 98 142 183 201 211 213 346 457 474 476 
287 24 26 30 36 50 67 92 133 230 261 266 293 324 354 413 
288 57 90 159 167 206 278 298 364 402 434 436 450 468 477 478 
289 28 145 186 195 325 392 428 461 
290 47 77 102 147 151 227 304 368 411 419 488 
291 188 235 322 329 351 357 397 495 
292 48 141 273 275 
293 24 50 158 229 231 247 256 287 409 475 
294 136 167 194 300 385 468 484 
295 23 71 114 331 
296 2 29 47 61 102 272 304 384 398 479 
297 42 119 148 191 236 279 321 396 417 431 
298 10 28 63 66 73 175 228 244 288 317 319 328 378 393 414 437 
299 16 99 116 197 223 241 275 422 
300 13 167 169 269 294 434 
301 83 95 133 183 354 379 
302 225 280 
303 34 52 119 129 158 162 196 199 234 305 320 361 443 
304 7 55 66 161 179 193 250 290 296 319 348 368 378 384 398 399 452 483 
305 96 119 143 196 199 251 262 303 343 391 448 
306 38 92 158 187 225 413 421 
307 1 10 55 93 175 227 319 352 419 
308 20 36 56 162 203 207 230 332 400 415 426 
309 61 147 193 212 236 279 282 314 352 483 
310 14 62 70 96 156 178 324 334 369 493 
311 9 44 208 209 217 325 384 392 
312 85 103 124 424 
313 72 139 189 193 352 380 451 
314 23 25 61 219 282 309 377 421 
315 107 177 181 215 322 329 331 375 397 455 473 490 
316 6 46 108 270 332 338 360 438 442 
317 100 184 186 194 202 255 298 364 381 439 450 
318 34 119 251 338 448 
319 58 61 93 170 271 298 304 307 370 398 406 419 
320 4 12 249 303 361 391 410 
321 23 160 192 297 396 410 443 
322 18 122 134 138 181 291 315 347 373 416 473 496 
323 40 54 88 231 346 407 453 457 483 
324 17 85 96 103 251 262 287 310 361 369 424 481 499 
325 28 100 102 151 195 242 289 311 392 
326 257 269 276 284 366 
327 126 474 
328 10 25 73 82 89 93 155 175 233 244 298 414 419 437 
329 113 181 235 291 315 389 
330 234 334 481 
331 12 18 52 81 121 138 171 177 190 235 246 268 295 315 389 417 451 
332 0 41 108 135 158 252 308 316 460 462 
333 99 144 150 157 204 345 356 425 449 
334 94 240 310 330 498 
335 19 115 
336 221 224 225 259 280 
337 104 346 355 
338 20 34 67 316 318 358 460 
339 4 36 49 70 162 196 199 234 359 365 
340 18 81 114 138 281 416 431 
341 90 194 269 392 412 456 465 478 497 
342 68 172 206 370 454 
343 36 70 94 107 134 240 249 305 391 443 496 499 
344 152 226 471 
345 87 127 150 197 274 333 
346 69 98 212 213 238 286 323 337 362 464 
347 12 52 59 61 120 121 147 191 192 322 378 389 417 431 458 
348 45 60 100 131 154 179 272 304 384 386 
349 403 409 413 469 474 475 476 
350 40 50 69 205 243 283 395 470 
351 16 291 
352 47 175 200 244 248 307 309 313 374 435 492 
353 14 101 137 156 220 240 369 424 493 
354 3 15 64 92 133 231 261 263 287 301 421 
355 19 27 211 337 387 487 
356 44 74 91 202 204 265 333 467 
357 116 150 291 472 490 
358 20 46 338 429 460 486 
359 4 35 70 96 101 234 282 339 
360 15 24 41 158 187 203 316 462 
361 70 178 249 303 320 324 
362 88 247 270 346 474 
363 14 62 85 220 369 
364 136 140 172 206 288 317 401 402 418 456 
365 97 125 174 196 263 339 410 
366 173 284 326 404 
367 25 29 93 175 216 242 244 254 393 419 492 
368 1 55 118 179 193 250 271 272 290 304 398 
369 14 103 156 240 310 324 353 363 
370 80 165 205 319 342 454 
371 6 65 112 123 187 252 266 
372 25 109 130 161 213 256 453 457 471 
373 4 35 160 192 322 380 458 498 
374 30 148 245 352 396 411 458 
375 234 315 376 498 
376 122 222 375 391 498 
377 4 26 61 97 162 261 314 426 
378 29 47 100 111 155 170 228 298 304 347 383 451 492 
379 50 53 69 142 238 247 256 301 409 430 
380 39 55 106 138 189 250 268 279 281 313 373 390 451 485 
381 9 154 194 202 258 317 461 
382 19 98 218 277 
383 39 106 118 193 272 273 378 384 494 
384 2 77 81 100 118 131 189 232 296 304 311 348 383 399 411 
385 68 80 104 152 294 
386 7 111 171 204 232 348 441 467 
387 19 27 218 226 355 401 
388 31 57 68 80 205 454 
389 12 107 113 134 190 329 331 347 390 455 473 
390 42 52 61 177 191 193 268 380 389 417 431 443 
391 17 234 305 320 343 376 496 
392 102 131 289 311 325 341 477 
393 57 89 90 155 228 244 298 367 451 488 
394 48 127 223 265 449 
395 40 166 350 470 476 
396 52 97 120 245 263 297 321 374 
397 12 235 291 315 416 
398 55 170 227 250 271 296 304 319 368 447 451 
399 39 131 179 227 250 254 304 384 406 492 
400 20 36 108 168 203 308 438 480 
401 63 66 89 140 364 387 439 488 
402 31 63 73 161 172 244 278 288 364 412 456 
403 0 41 46 59 67 117 203 266 349 430 442 460 462 480 
404 104 159 269 366 434 436 
405 33 88 163 
406 1 25 29 82 93 170 236 242 244 319 399 456 492 
407 40 54 76 110 146 211 323 440 471 
408 79 127 128 208 441 467 
409 22 92 142 256 293 349 379 413 435 462 
410 49 125 320 321 365 
411 55 72 78 89 227 242 250 254 290 374 384 483 492 
412 82 206 257 267 341 402 456 
413 6 22 64 95 123 126 133 256 287 306 349 409 
414 10 66 73 78 82 89 155 175 216 227 233 244 250 298 328 
415 0 5 97 308 429 430 
416 12 107 121 235 322 340 397 455 473 490 495 
417 138 177 191 227 268 271 297 331 347 390 431 444 458 485 
418 104 159 167 206 267 276 364 436 465 478 489 
419 55 58 78 82 86 106 170 175 216 242 290 307 319 328 367 
420 99 150 171 190 246 446 452 459 
421 6 41 46 56 245 264 306 314 354 
422 16 75 99 116 171 223 299 
423 11 37 96 101 103 124 137 164 249 424 
424 37 137 220 312 324 353 423 
425 45 144 150 198 204 268 274 333 441 
426 97 192 212 263 279 308 377 494 
427 
428 2 28 45 47 72 73 140 155 289 437 454 477 492 
429 168 178 251 358 415 486 
430 3 15 41 56 108 117 135 185 379 403 415 476 
431 18 42 52 138 177 190 191 297 340 347 390 417 443 444 473 494 
432 8 75 176 275 
433 30 53 64 95 185 264 491 
434 13 104 169 276 278 288 300 404 436 
435 1 25 26 29 42 58 352 409 
436 159 228 267 288 404 418 434 468 482 
437 77 233 298 328 428 
438 0 6 67 108 117 135 316 400 462 
439 63 194 255 317 401 461 479 
440 126 407 
441 128 132 154 204 239 386 408 425 
442 316 403 460 
443 4 160 190 191 196 219 303 321 343 390 431 
444 113 138 157 177 246 250 282 417 431 472 473 
445 141 241 275 
446 81 113 157 197 209 281 420 452 472 494 
447 42 177 189 193 268 271 398 451 458 485 
448 305 318 470 499 
449 8 99 116 197 198 241 333 394 459 
450 202 206 288 317 478 482 
451 78 106 107 121 177 246 268 272 313 331 378 380 393 398 447 459 485 
452 81 116 148 150 189 209 274 304 420 446 459 472 
453 40 54 98 110 146 323 372 464 
454 172 267 342 370 388 428 466 489 
455 52 94 107 157 181 315 389 416 458 473 495 
456 136 140 145 257 341 364 402 406 412 465 
457 1 76 88 286 323 372 
458 29 61 148 191 279 347 373 374 417 447 455 
459 81 118 150 157 182 197 209 420 449 451 452 494 
460 15 332 338 358 403 442 486 
461 60 184 202 255 289 381 439 
462 0 15 41 108 117 230 332 360 403 409 438 
463 51 112 126 225 259 469 
464 26 82 93 102 170 216 242 243 283 346 453 
465 90 136 140 206 267 285 341 418 456 484 489 
466 454 
467 48 127 239 356 386 408 
468 90 167 169 257 258 276 285 288 294 436 482 
469 38 51 349 463 475 
470 148 166 219 243 350 395 448 
471 69 130 142 201 226 344 372 407 487 
472 81 144 357 444 446 452 
473 52 120 177 268 315 322 389 416 431 444 455 
474 69 163 230 286 327 349 362 
475 112 277 293 349 469 
476 98 109 117 130 142 183 211 286 349 395 430 
477 63 147 179 190 250 255 288 392 428 
478 90 136 140 145 153 206 278 288 341 418 450 
479 2 66 155 186 194 217 265 296 439 
480 117 168 266 400 403 
481 156 220 324 330 498 
482 285 436 450 468 484 
483 10 25 29 42 72 78 233 250 304 309 323 411 
484 90 184 194 217 294 465 482 
485 72 106 193 209 271 281 380 417 447 451 492 
486 24 117 251 358 429 460 
487 69 76 163 226 355 471 
488 58 66 73 93 155 186 233 290 393 401 
489 10 57 161 165 200 418 454 465 
490 114 181 215 315 357 416 495 
491 24 30 86 231 282 433 
492 10 25 55 73 78 80 82 140 147 155 227 250 352 367 378 399 406 411 428 485 
493 14 62 85 240 310 353 
494 47 189 209 268 281 282 383 426 431 446 459 
495 16 18 181 215 291 416 455 490 
496 4 49 94 234 322 343 391 
497 2 255 341 
498 215 222 334 373 375 376 481 
499 149 196 199 220 249 324 343 448 
