0 85 88 175 224 242 259 280 288 391 
1 4 28 74 82 114 202 236 254 287 341 357 443 
2 18 67 86 97 134 193 456 469 
3 13 129 219 242 256 349 453 
4 1 70 92 159 281 396 402 443 
5 46 201 210 317 328 358 468 
6 12 144 197 206 227 304 335 350 416 
7 57 75 150 217 218 243 245 417 418 424 493 
8 9 30 36 53 100 138 179 197 206 207 215 248 426 
9 8 30 36 94 197 207 294 304 390 451 465 473 475 486 
10 89 208 217 362 371 381 
11 46 201 210 266 328 362 
12 6 58 131 144 276 350 405 
13 3 100 142 175 219 261 288 332 361 368 458 459 
14 166 182 289 
15 17 59 139 157 185 200 229 290 340 364 409 433 
16 30 53 99 138 160 164 197 212 234 387 405 416 473 
17 15 132 185 226 376 
18 2 69 70 87 97 181 195 274 
19 50 54 116 192 341 355 385 399 
20 168 202 287 298 430 454 487 
21 125 174 196 379 411 
22 80 101 145 173 197 199 294 451 458 
23 25 26 60 62 137 140 170 263 394 439 
24 112 384 432 
25 23 140 151 428 
26 23 60 169 170 196 329 
27 31 130 148 231 244 365 382 433 435 460 
28 1 92 95 122 127 135 163 321 396 402 430 
29 224 242 259 453 459 
30 8 9 16 53 138 173 197 251 271 300 312 437 470 473 
31 27 136 213 225 244 249 319 365 382 441 445 469 
32 59 109 149 274 348 374 469 495 
33 142 351 368 372 458 459 
34 99 206 248 270 300 405 437 465 473 
35 128 166 203 221 295 326 339 425 
36 8 9 44 160 191 212 390 416 445 
37 119 150 162 289 363 
38 94 147 177 193 319 364 376 413 441 442 
39 53 91 100 115 145 191 257 300 351 383 451 
40 47 102 123 210 339 358 370 455 468 492 
41 133 191 284 319 386 407 434 
42 63 82 106 178 216 225 236 307 343 371 
43 59 109 134 157 469 
44 36 110 363 390 437 445 465 470 
45 57 150 209 217 253 328 380 417 418 
46 5 11 55 79 93 146 201 252 370 446 
47 40 102 123 204 210 252 291 356 440 455 463 468 
48 132 140 151 239 394 408 
49 57 93 123 201 258 344 
50 19 69 103 469 499 
51 114 158 306 334 346 431 
52 70 97 149 152 196 229 338 
53 8 16 30 39 83 100 138 179 197 212 248 294 300 336 437 486 
54 19 281 385 396 398 399 461 469 
55 46 111 198 201 326 448 
56 74 233 366 
57 7 45 49 353 380 400 424 481 485 
58 12 65 83 144 164 230 232 270 350 369 427 448 
59 15 32 43 86 435 469 
60 23 26 62 77 169 226 240 241 265 403 478 
61 94 132 284 302 329 439 
62 23 60 137 140 155 241 292 329 439 
63 42 246 301 306 307 316 346 397 431 
64 168 237 315 320 450 
65 58 121 158 227 230 270 286 303 311 395 412 420 422 438 
66 100 219 248 257 261 288 368 
67 2 97 109 120 149 269 290 338 367 457 
68 96 125 174 196 265 342 379 414 
69 18 50 70 103 126 494 
70 4 18 52 69 103 107 132 187 195 246 274 290 454 
71 184 214 249 282 289 314 390 404 437 445 486 
72 73 82 141 178 343 347 359 454 487 491 
73 72 87 106 136 163 182 216 301 307 348 374 431 479 
74 1 56 444 452 471 487 
75 7 79 93 153 201 252 258 344 362 370 380 418 436 446 
76 108 115 172 186 251 275 336 372 386 441 
77 60 94 132 140 155 157 240 241 302 439 
78 98 143 156 176 204 291 
79 46 75 146 232 252 258 260 406 417 
80 22 179 232 234 285 361 419 451 464 473 475 
81 207 285 389 393 459 
82 1 42 72 114 117 118 141 306 
83 53 58 101 131 173 312 423 464 
84 94 157 177 205 222 225 247 249 390 404 409 413 489 
85 0 88 280 361 391 
86 2 59 109 120 149 185 264 290 
87 18 73 130 148 159 163 216 334 343 
88 0 85 175 242 259 391 
89 10 112 114 153 209 217 297 344 397 449 481 
90 99 147 214 247 251 289 314 401 404 441 475 486 
91 39 100 191 224 238 257 288 300 437 475 
92 4 28 105 117 141 153 159 163 178 202 216 452 
93 46 49 75 317 356 370 
94 9 38 61 77 84 113 200 319 375 376 442 
95 28 135 192 308 318 430 484 487 
96 68 137 379 478 
97 2 18 52 67 109 130 193 246 279 338 398 469 
98 78 176 260 291 299 339 400 421 455 465 468 492 
99 16 34 90 144 164 206 207 212 285 405 
100 8 13 39 53 66 91 133 191 238 257 261 268 351 
101 22 83 131 194 312 423 
102 40 47 123 266 468 
103 50 69 70 126 278 357 461 
104 124 158 221 283 314 333 363 388 410 445 470 
105 92 127 202 236 307 443 477 487 
106 42 73 136 187 205 216 283 301 307 316 374 398 
107 70 148 159 246 443 489 499 
108 76 319 336 354 383 401 413 475 
109 32 43 67 86 97 149 181 193 409 
110 44 160 289 388 416 
111 55 121 180 203 218 295 326 412 
112 24 89 211 253 293 429 462 
113 94 147 157 213 214 225 247 329 428 
114 1 51 82 89 162 325 388 465 480 
115 39 76 133 275 354 383 386 401 
116 19 367 385 497 
117 82 92 119 153 355 443 
118 82 141 162 378 429 454 491 
119 37 117 141 243 321 397 429 
120 67 86 414 457 
121 65 111 180 203 295 305 388 395 422 480 
122 28 392 430 
123 40 47 49 102 303 356 358 370 421 455 463 468 492 
124 104 128 154 162 177 205 222 231 247 283 316 363 413 426 441 486 
125 21 68 196 265 411 
126 69 103 274 278 497 
127 28 105 236 281 287 396 399 430 477 487 495 
128 35 124 387 395 
129 3 186 191 219 238 261 268 310 349 391 453 
130 27 87 97 136 147 187 374 398 456 469 495 
131 12 83 101 142 173 234 276 285 423 498 
132 17 48 61 70 77 139 140 147 161 190 239 264 282 284 364 394 433 
133 41 100 115 223 261 310 434 
134 2 43 193 195 274 278 385 398 466 
135 28 95 168 237 293 298 320 
136 31 73 106 130 148 244 301 382 441 488 489 
137 23 62 96 152 196 267 
138 8 16 30 53 164 179 285 294 475 
139 15 132 161 213 319 376 472 
140 23 25 48 62 77 132 183 226 229 263 329 394 408 439 
141 72 82 92 118 119 243 306 359 
142 13 33 131 179 324 351 
143 78 204 295 421 440 463 
144 6 12 58 99 145 164 180 232 270 333 369 387 448 474 
145 22 39 144 207 327 351 389 401 
146 46 79 317 353 370 400 436 446 485 
147 38 90 113 130 132 282 314 337 375 376 382 408 428 441 460 466 
148 27 87 107 136 159 163 187 433 441 495 
149 32 52 67 86 109 170 200 229 338 365 
150 7 37 45 209 217 253 297 
151 25 48 155 165 302 407 408 
152 52 137 196 292 340 411 
153 75 89 92 117 162 167 217 243 355 371 384 481 493 
154 124 162 221 306 346 363 467 479 
155 62 77 151 170 329 379 
156 78 258 266 344 362 400 436 
157 15 43 77 84 113 225 282 313 319 340 375 441 460 488 
158 51 65 104 166 289 299 363 377 387 406 465 
159 4 87 92 107 148 193 236 246 377 430 447 495 
160 16 36 110 206 276 333 410 426 445 
161 132 139 185 226 240 
162 37 114 118 124 153 154 410 431 481 487 
163 28 73 87 92 148 182 246 316 435 479 
164 16 58 99 138 144 179 197 206 276 335 387 405 416 437 451 473 
165 151 256 407 472 
166 14 35 158 203 215 221 322 333 339 377 415 424 
167 153 384 449 462 482 496 
168 20 64 135 308 
169 26 60 263 272 329 478 
170 23 26 149 155 240 241 267 439 478 
171 221 225 251 301 363 373 470 
172 76 179 248 294 354 
173 22 30 83 131 194 232 423 498 
174 21 68 196 265 
175 0 13 88 277 280 453 
176 78 98 260 299 356 370 440 463 
177 38 84 124 247 271 282 284 375 382 
178 42 72 92 182 254 343 347 396 443 454 471 477 
179 8 53 80 138 142 164 172 268 300 389 393 475 
180 111 121 144 198 203 215 273 296 311 387 446 
181 18 109 382 457 
182 14 73 163 178 187 202 216 348 452 477 
183 140 190 264 302 394 434 483 
184 71 222 249 289 314 390 413 416 445 486 
185 15 17 86 161 262 342 435 
186 76 129 228 256 361 453 
187 70 106 130 148 182 216 225 306 343 398 441 467 477 
188 198 218 270 296 303 311 331 421 422 448 
189 275 
190 132 183 284 302 364 394 408 
191 36 39 41 91 100 129 212 284 310 453 
192 19 95 235 315 430 
193 2 38 97 109 134 159 348 398 409 433 456 460 494 495 
194 101 173 276 350 423 448 498 
195 18 70 134 274 357 456 460 477 
196 21 26 52 68 125 137 152 174 262 267 379 
197 6 8 9 16 22 30 53 164 206 276 390 405 474 
198 55 180 188 203 387 421 474 
199 22 234 419 451 464 
200 15 94 149 279 340 365 433 435 456 
201 5 11 46 49 55 75 252 344 353 362 380 400 436 485 
202 1 20 92 105 182 254 374 402 454 471 491 
203 35 111 121 166 180 198 387 395 420 
204 47 78 143 323 358 440 463 
205 84 106 124 213 452 488 489 
206 6 8 34 99 160 164 197 232 273 333 387 416 448 470 473 474 
207 8 9 81 99 145 212 276 312 351 390 405 
208 10 243 317 353 380 397 417 
209 45 89 150 215 217 245 297 339 381 397 417 424 449 
210 5 11 40 47 328 421 
211 112 253 462 
212 16 36 53 99 191 207 248 294 312 416 437 
213 31 113 139 205 225 289 340 409 435 466 489 
214 71 90 113 249 284 289 434 442 
215 8 166 180 209 218 295 305 322 412 436 
216 42 73 87 92 106 182 187 301 307 343 430 447 454 
217 7 10 45 89 150 153 209 243 297 334 352 397 446 462 
218 7 111 188 215 296 311 323 350 420 422 
219 3 13 66 129 261 268 288 349 
220 223 464 
221 35 104 154 166 171 235 283 334 363 373 388 467 
222 84 124 184 247 289 375 404 408 445 466 467 
223 133 220 228 238 275 383 
224 0 29 91 259 280 349 
225 31 42 84 113 157 171 187 213 271 313 375 398 435 480 
226 17 60 140 161 279 292 409 
227 6 65 270 311 395 422 474 
228 186 223 242 261 288 
229 15 52 140 149 340 409 
230 58 65 232 331 422 427 448 
231 27 124 374 390 401 
232 58 79 80 144 173 206 230 312 350 440 
233 56 309 355 366 371 384 449 482 
234 16 80 131 199 248 250 255 327 389 393 451 458 464 
235 192 221 236 254 281 287 341 347 392 402 430 
236 1 42 105 127 159 235 281 443 447 477 497 
237 64 135 318 359 396 430 
238 91 100 129 223 
239 48 132 275 330 407 434 490 
240 60 77 161 170 241 262 263 329 411 414 
241 60 62 77 170 240 262 263 329 394 
242 0 3 29 88 228 459 
243 7 119 141 153 208 217 325 359 381 384 449 
244 27 31 136 316 340 456 479 
245 7 209 252 297 355 400 405 406 417 424 425 481 
246 63 70 97 107 159 163 398 469 487 
247 84 90 113 124 177 222 249 375 390 413 426 466 
248 8 34 53 66 172 212 234 251 294 300 324 351 416 
249 31 71 84 184 214 247 314 401 410 413 442 
250 234 332 351 389 419 451 
251 30 76 90 171 248 285 294 375 383 426 
252 46 47 75 79 201 245 266 305 328 353 387 400 415 440 
253 45 112 150 211 309 371 400 429 449 482 493 
254 1 178 202 235 402 
255 234 277 294 351 
256 3 165 186 268 288 372 453 
257 39 66 91 100 324 
258 49 75 79 156 266 362 370 
259 0 29 88 224 277 280 361 391 
260 79 98 176 291 299 323 358 
261 13 66 100 129 133 219 228 288 349 372 
262 185 196 240 241 342 382 483 
263 23 140 169 240 241 329 394 439 
264 86 132 183 313 403 
265 60 68 125 174 411 
266 11 102 156 252 258 446 
267 137 170 196 379 
268 100 129 179 219 256 372 490 
269 67 398 414 457 
270 34 58 65 144 188 227 285 296 311 422 
271 30 177 225 275 314 376 390 426 
272 169 478 
273 180 206 276 304 305 322 333 395 404 
274 18 32 70 126 134 195 
275 76 115 189 223 239 271 364 386 434 
276 12 131 160 164 194 197 207 273 387 405 423 437 474 
277 175 255 259 300 349 361 391 428 
278 103 126 134 290 
279 97 200 226 290 337 348 365 
280 0 85 175 224 259 361 391 
281 4 54 127 235 236 287 396 402 477 
282 71 132 147 157 177 313 460 465 466 480 
283 104 106 124 221 346 388 
284 41 61 132 177 190 191 214 302 376 386 407 
285 80 81 99 131 138 251 270 393 405 422 474 
286 65 358 455 
287 1 20 127 235 281 396 484 
288 0 13 66 91 219 228 256 261 372 464 
289 14 37 71 90 110 158 184 213 214 222 304 373 375 390 416 426 467 
290 15 67 70 86 278 279 411 414 433 457 
291 47 78 98 260 295 358 440 492 
292 62 152 226 342 414 
293 112 135 321 366 432 444 476 
294 9 22 53 138 172 212 248 251 255 312 405 437 445 
295 35 111 121 143 215 291 299 317 323 326 339 370 400 412 
296 180 188 218 270 303 350 369 412 420 438 
297 89 150 209 217 245 325 415 418 424 449 485 
298 20 135 315 
299 98 158 176 260 295 317 326 370 400 406 412 415 427 448 
300 30 34 39 53 91 179 248 277 324 389 
301 63 73 106 136 171 216 337 431 
302 61 77 151 183 190 284 330 
303 65 123 188 296 331 369 
304 6 9 273 289 335 387 437 470 
305 121 215 252 273 328 370 395 415 424 425 
306 51 63 82 141 154 187 343 388 479 
307 42 63 73 105 106 216 
308 95 168 392 476 
309 233 253 352 482 
310 129 133 191 336 453 459 475 
311 65 180 188 218 227 270 323 331 339 420 
312 30 83 101 207 212 232 294 
313 157 225 264 282 316 337 434 441 442 466 
314 71 90 104 147 184 249 271 324 336 434 486 
315 64 192 298 450 476 487 
316 63 106 124 163 244 313 343 404 477 
317 5 93 146 208 295 299 353 370 395 422 446 449 
318 95 237 320 
319 31 38 41 94 108 139 157 375 376 466 
320 64 135 318 392 487 
321 28 119 293 430 444 
322 166 215 273 418 
323 204 218 260 295 311 331 
324 142 248 257 300 314 327 351 368 389 451 
325 114 243 297 493 
326 35 55 111 295 299 438 
327 145 234 324 387 
328 5 11 45 210 252 305 370 
329 26 61 62 113 140 155 169 240 241 263 364 374 403 408 439 
330 239 302 383 407 428 439 
331 188 230 303 311 323 427 
332 13 250 
333 104 144 160 166 206 273 387 395 410 412 
334 51 87 217 221 346 363 388 404 467 
335 6 164 304 387 416 448 473 
336 53 76 108 310 314 354 445 486 
337 147 279 301 313 382 480 488 
338 52 67 97 149 367 414 
339 35 40 98 166 209 295 311 377 400 
340 15 152 157 200 213 229 244 375 409 433 435 460 469 
341 1 19 235 469 
342 68 185 262 292 
343 42 72 87 178 187 216 306 316 495 
344 49 75 89 156 201 353 362 380 
345 396 
346 51 63 154 283 334 373 404 
347 72 178 235 359 374 378 430 452 454 487 496 
348 32 73 182 193 279 374 435 484 
349 3 129 219 224 261 277 
350 6 12 58 194 218 232 296 370 400 422 427 448 
351 33 39 100 142 145 207 248 250 255 324 389 451 
352 217 309 371 384 397 481 
353 57 146 201 208 252 317 344 362 485 
354 108 115 172 336 475 
355 19 117 153 233 245 359 397 415 479 
356 47 93 123 176 358 400 468 492 
357 1 103 195 402 
358 5 40 123 204 260 286 291 356 370 412 455 463 
359 72 141 237 243 347 355 378 381 432 
360 371 432 444 
361 13 80 85 186 259 277 280 391 459 
362 10 11 75 156 201 258 344 353 
363 37 44 104 124 154 158 171 221 334 373 467 486 
364 15 38 132 190 275 329 376 442 445 
365 27 31 149 200 279 435 495 
366 56 233 293 
367 67 116 338 494 
368 13 33 66 324 389 
369 58 144 296 303 387 421 448 
370 40 46 75 93 123 146 176 258 295 299 305 317 328 350 358 412 446 468 
371 10 42 153 233 253 352 360 380 
372 33 76 256 261 268 288 453 
373 171 221 289 346 363 467 
374 32 73 106 130 202 231 329 347 348 385 489 495 
375 94 147 157 177 222 225 247 251 289 319 340 390 409 466 488 
376 17 38 94 139 147 271 284 319 364 439 442 
377 158 159 166 339 387 388 401 410 
378 118 347 359 402 
379 21 68 96 155 196 267 
380 45 57 75 201 208 344 371 424 436 
381 10 209 243 359 397 431 
382 27 31 136 147 177 181 262 337 435 
383 39 108 115 223 251 330 
384 24 153 167 233 243 352 482 493 
385 19 54 116 134 374 477 
386 41 76 115 275 284 428 490 
387 16 128 144 158 164 180 198 203 206 252 276 304 327 333 335 369 377 438 
388 104 110 114 121 221 283 306 334 377 410 
389 81 145 179 234 250 300 324 351 368 393 451 
390 9 36 44 71 84 184 197 207 231 247 271 289 375 416 465 486 
391 0 85 88 129 259 277 280 361 
392 122 235 308 320 
393 81 179 234 285 389 473 474 
394 23 48 132 140 183 190 241 263 408 
395 65 121 128 203 227 273 305 317 333 420 422 425 438 
396 4 28 54 127 178 237 281 287 345 402 
397 63 89 119 208 209 217 352 355 381 
398 54 97 106 130 134 187 193 225 246 269 
399 19 54 127 443 477 497 
400 57 98 146 156 201 245 252 253 295 299 339 350 356 420 425 446 485 
401 90 108 115 145 231 249 377 434 464 
402 4 28 202 235 254 281 357 378 396 430 461 471 487 
403 60 264 329 409 439 483 
404 71 84 90 222 273 316 334 346 
405 12 16 34 99 164 197 207 245 276 285 294 416 423 448 
406 79 158 245 299 
407 41 151 165 239 284 330 413 428 434 
408 48 140 147 151 190 222 329 394 
409 15 84 109 193 213 226 229 340 375 403 435 
410 104 160 162 249 333 377 388 
411 21 125 152 240 265 290 494 
412 65 111 215 295 296 299 333 358 370 421 425 
413 38 84 108 124 184 247 249 407 434 466 
414 68 120 240 269 290 292 338 
415 166 252 297 299 305 355 481 
416 6 16 36 110 164 184 206 212 248 289 335 390 405 465 
417 7 45 79 208 209 245 449 481 
418 7 45 75 297 322 424 449 481 
419 80 199 250 
420 65 203 218 296 311 395 400 446 473 
421 98 123 143 188 198 210 369 412 438 440 455 
422 65 121 188 218 227 230 270 285 317 350 395 438 448 
423 83 101 131 173 194 276 405 464 498 
424 7 57 166 209 245 297 305 380 418 493 496 
425 35 245 305 395 400 412 
426 8 124 160 247 251 271 289 445 
427 58 230 299 331 350 448 
428 25 113 147 277 330 386 407 
429 112 118 119 253 462 
430 20 28 95 122 127 159 192 216 235 237 321 347 402 491 
431 51 63 73 162 301 381 
432 24 293 359 360 471 
433 15 27 132 148 193 200 290 340 460 
434 41 133 183 214 239 275 313 314 401 407 413 475 
435 27 59 163 185 200 213 225 340 348 365 382 409 441 460 
436 75 146 156 201 215 380 485 
437 30 34 44 53 71 91 164 212 276 294 304 
438 65 296 326 387 395 421 422 
439 23 61 62 77 140 170 263 329 330 376 403 478 483 
440 47 143 176 204 232 252 291 421 463 468 
441 31 38 76 90 124 136 147 148 157 187 313 435 466 480 
442 38 94 214 249 313 364 376 483 
443 1 4 105 107 117 178 236 399 491 
444 74 293 321 360 
445 31 36 44 71 104 160 184 222 294 336 364 426 486 
446 46 75 146 180 217 266 317 370 400 420 
447 159 216 236 454 487 
448 55 58 144 188 194 206 230 299 335 350 369 405 422 427 
449 89 167 209 233 243 253 297 317 417 418 482 493 
450 64 315 476 
451 9 22 39 80 164 199 234 250 324 351 389 
452 74 92 182 205 347 471 491 
453 3 29 129 175 186 191 256 310 372 
454 20 70 72 118 178 202 216 347 447 
455 40 47 98 123 286 358 421 492 
456 2 130 193 195 200 244 480 494 
457 67 120 181 269 290 
458 13 22 33 234 
459 13 29 33 81 242 310 361 
460 27 147 157 193 195 282 340 433 435 466 480 494 
461 54 103 402 477 487 
462 112 167 211 217 429 482 
463 47 123 143 176 204 358 440 
464 80 83 199 220 234 288 401 423 
465 9 34 44 98 114 158 282 390 416 486 
466 134 147 213 222 247 282 313 319 375 413 441 460 
467 154 187 221 222 289 334 363 373 
468 5 40 47 98 102 123 356 370 440 492 
469 2 31 32 43 50 54 59 97 130 246 340 341 
470 30 44 104 171 206 304 473 
471 74 178 202 402 432 452 
472 139 165 
473 9 16 30 34 80 164 206 335 393 420 470 
474 144 197 198 206 227 276 285 393 
475 9 80 90 91 108 138 179 310 354 434 
476 293 308 315 450 487 
477 105 127 178 182 187 195 236 281 316 385 399 461 
478 60 96 169 170 272 439 483 
479 73 154 163 244 306 355 
480 114 121 225 282 337 441 456 460 488 489 
481 57 89 153 162 245 352 415 417 418 
482 167 233 253 309 384 449 462 
483 183 262 403 439 442 478 
484 95 287 348 
485 57 146 201 297 353 400 436 
486 9 53 71 90 124 184 314 336 363 390 445 465 
487 20 72 74 95 105 127 162 246 315 320 347 402 447 461 476 491 
488 136 157 205 337 375 480 489 
489 84 107 136 205 213 374 480 488 
490 239 268 386 
491 72 118 202 430 443 452 487 
492 40 98 123 291 356 455 468 
493 7 153 253 325 384 424 449 
494 69 193 367 411 456 460 
495 32 127 130 148 159 193 343 365 374 
496 167 347 424 
497 116 126 236 399 
498 131 173 194 423 
499 50 107 
