0 14 149 218 256 294 455 476 
1 6 86 186 189 288 305 316 327 370 381 400 439 440 
2 53 95 106 107 284 318 350 361 477 494 
3 95 142 266 268 333 361 
4 24 44 102 120 122 186 252 329 421 439 442 
5 105 175 204 247 267 296 342 393 469 
6 1 35 86 152 188 300 381 452 
7 21 27 32 264 311 
8 12 86 114 177 209 378 
9 90 98 343 
10 27 118 152 160 252 397 415 484 
11 101 153 190 276 358 360 
12 8 177 312 378 416 448 493 
13 25 57 96 102 311 436 496 
14 0 187 251 294 301 348 410 455 
15 69 86 152 161 165 181 217 367 403 
16 42 44 130 303 347 426 469 
17 177 202 209 226 235 245 260 281 289 334 410 
18 46 95 185 231 266 446 492 
19 120 143 208 214 253 259 372 435 
20 67 106 142 148 258 366 492 494 
21 7 32 61 118 160 368 454 481 484 
22 23 90 98 104 167 265 307 314 320 362 460 
23 22 97 110 285 293 362 
24 4 118 136 157 188 204 240 290 327 370 442 454 460 
25 13 32 54 85 210 275 395 422 475 
26 180 295 443 
27 7 10 146 496 
28 120 174 226 230 283 388 485 
29 89 247 300 344 364 365 381 414 479 490 
30 85 94 104 240 275 311 349 397 415 454 
31 36 56 149 263 277 366 407 423 428 449 
32 7 21 25 47 85 275 299 329 336 379 389 432 475 481 484 
33 171 180 198 249 374 
34 84 278 349 498 
35 6 65 68 115 136 152 212 217 236 372 
36 31 301 
37 127 162 187 254 456 
38 45 64 128 156 218 223 237 246 321 351 390 471 
39 124 145 195 329 
40 114 161 260 312 332 360 
41 74 103 142 145 199 355 473 
42 16 71 88 188 297 303 335 429 462 475 
43 76 80 100 141 166 171 198 215 249 301 374 383 431 
44 4 16 118 230 288 370 442 482 
45 38 215 228 417 499 
46 18 53 83 284 354 355 
47 32 160 188 240 282 290 329 397 415 445 487 
48 60 124 173 220 366 394 406 413 
49 135 143 153 164 176 190 227 358 382 412 447 
50 106 255 318 350 408 
51 164 276 386 
52 87 242 268 340 496 
53 2 46 95 185 318 350 361 472 
54 25 96 119 126 146 163 264 299 389 
55 72 227 331 371 372 400 444 486 
56 31 75 128 149 213 273 357 497 
57 13 74 106 146 250 337 368 389 
58 154 157 211 285 307 359 376 398 426 458 460 
59 144 195 244 252 322 397 415 481 
60 48 124 134 230 278 283 308 357 405 423 498 
61 21 81 120 124 163 308 429 433 482 
62 68 89 121 186 189 267 300 339 356 365 376 414 
63 143 193 202 338 447 448 
64 38 128 163 215 229 237 351 380 471 
65 35 217 283 288 313 316 344 416 
66 143 176 202 261 412 447 486 
67 20 74 117 142 196 231 284 318 355 466 468 492 
68 35 62 69 115 152 172 175 236 300 313 452 453 470 
69 15 68 238 419 426 440 444 452 453 
70 76 100 171 182 198 233 373 374 390 
71 42 167 328 347 393 418 422 
72 55 101 172 302 306 344 372 474 
73 203 267 
74 41 57 67 148 234 250 258 368 496 
75 56 116 173 231 273 337 357 411 427 459 483 
76 43 70 80 166 198 219 233 271 292 315 373 390 428 451 
77 116 220 234 337 405 423 457 
78 132 138 157 211 307 341 418 
79 88 109 137 154 157 238 297 392 398 
80 43 76 166 374 390 
81 61 120 308 322 421 
82 89 197 288 339 352 367 416 
83 46 199 
84 34 86 152 163 197 226 269 283 367 452 
85 25 30 32 222 265 299 324 397 475 
86 1 6 8 15 84 152 197 288 352 
87 52 103 199 242 258 268 333 355 496 
88 42 79 109 130 262 296 344 362 393 398 
89 29 62 82 112 121 239 323 331 372 400 479 
90 9 22 94 130 379 395 432 458 
91 194 229 251 256 287 294 310 348 410 455 478 
92 99 119 124 275 311 369 399 436 491 
93 111 244 275 322 349 369 395 406 436 445 482 
94 30 90 137 314 422 434 
95 2 3 18 53 99 106 196 284 361 
96 13 54 146 199 241 275 340 389 496 
97 23 108 132 168 336 462 495 
98 9 22 210 314 343 353 434 
99 92 95 107 148 155 250 408 477 
100 43 70 180 201 218 233 301 420 431 
101 11 72 172 190 344 372 382 479 
102 4 13 111 160 240 415 433 454 484 487 
103 41 87 496 
104 22 30 296 347 418 475 
105 5 109 115 130 167 296 381 385 
106 2 20 50 57 95 107 117 196 231 270 317 357 399 437 472 494 
107 2 99 106 185 280 350 361 446 473 
108 97 110 168 293 392 430 489 
109 79 88 105 137 154 262 328 342 392 398 418 
110 23 108 157 336 379 430 
111 93 102 120 179 197 244 311 352 436 445 
112 89 175 189 203 238 247 267 356 364 490 
113 130 137 140 154 262 297 319 460 
114 8 40 276 330 360 367 448 
115 35 68 105 130 157 385 393 426 452 
116 75 77 221 255 337 357 366 425 457 459 482 483 
117 67 106 155 250 318 411 425 437 477 
118 10 21 24 44 139 152 188 244 290 322 370 396 415 433 442 
119 54 92 207 210 454 481 484 
120 4 19 28 61 81 111 159 163 240 241 282 322 485 487 
121 62 89 267 344 356 365 414 
122 4 139 299 313 324 
123 127 201 254 409 456 
124 39 48 60 61 92 337 401 406 439 
125 165 174 246 416 485 
126 54 210 275 320 343 434 484 
127 37 123 162 346 411 446 466 467 
128 38 56 64 237 294 304 351 
129 156 334 
130 16 88 90 105 113 115 136 262 285 296 297 328 381 385 393 458 
131 183 213 465 
132 78 97 140 168 285 293 336 362 462 489 495 
133 141 156 187 237 287 310 
134 60 149 218 229 240 278 321 325 
135 49 151 153 214 259 330 386 400 488 
136 24 35 130 188 290 305 327 347 
137 79 94 109 113 211 267 293 347 359 
138 78 203 211 262 296 342 376 398 470 
139 118 122 211 216 297 344 347 426 460 
140 113 132 168 293 309 320 336 495 
141 43 133 223 345 374 410 428 451 456 478 
142 3 20 41 67 250 258 354 473 
143 19 49 63 66 164 338 412 
144 59 264 311 397 429 445 454 
145 39 41 196 234 333 340 355 368 389 473 496 
146 27 54 57 96 196 241 299 311 340 432 
147 272 278 321 413 423 467 
148 20 74 99 234 266 274 298 494 
149 0 31 56 134 159 325 411 449 497 
150 215 248 404 431 
151 135 181 184 190 276 386 
152 6 10 15 35 68 84 86 118 225 288 421 
153 11 49 135 190 323 486 
154 58 79 109 113 175 211 309 319 362 398 458 489 
155 99 117 173 326 399 459 
156 38 129 133 158 174 187 251 277 287 294 310 455 
157 24 58 78 79 110 115 296 309 336 385 392 398 
158 156 289 402 
159 120 149 229 283 423 
160 10 21 47 102 270 290 311 322 329 397 415 442 487 
161 15 40 184 391 396 416 
162 37 127 254 409 425 
163 54 61 64 84 120 226 229 252 439 482 
164 49 51 143 176 227 261 276 360 386 387 447 
165 15 125 197 232 246 252 378 485 
166 43 76 80 180 248 249 271 315 373 374 428 
167 22 71 105 297 299 307 335 347 393 
168 97 108 132 140 293 309 336 362 458 462 495 
169 190 205 214 312 448 493 
170 184 214 323 358 371 382 386 435 474 
171 33 43 70 256 277 374 431 
172 68 72 101 206 302 339 419 474 479 
173 48 75 155 221 250 272 273 318 357 399 427 
174 28 125 156 269 278 321 325 351 471 
175 5 68 112 154 204 212 247 267 319 342 356 364 376 
176 49 66 164 193 202 461 
177 8 12 17 200 235 334 493 
178 215 219 390 443 
179 111 274 491 
180 26 33 100 166 271 292 374 428 
181 15 151 225 235 464 493 
182 70 233 249 383 
183 131 375 409 465 
184 151 161 170 352 441 
185 18 53 107 196 268 350 407 446 494 
186 1 4 62 238 305 347 370 381 426 
187 14 37 133 156 194 301 348 351 420 455 
188 6 24 42 47 118 136 290 322 370 405 426 433 
189 1 62 112 316 356 365 384 414 
190 11 49 101 151 153 169 202 227 371 403 412 424 
191 298 436 483 
192 235 332 363 402 
193 63 176 412 
194 91 187 228 237 287 294 310 345 410 
195 39 59 
196 67 95 106 145 146 185 231 242 437 494 
197 82 84 86 111 165 230 305 396 482 
198 33 43 70 76 233 315 
199 41 83 87 96 242 258 340 354 
200 177 
201 100 123 420 428 
202 17 63 66 176 190 227 447 448 
203 73 112 138 211 319 342 376 
204 5 24 175 212 247 342 344 356 376 
205 169 406 
206 172 217 288 290 306 316 339 435 
207 119 311 394 445 
208 19 253 306 323 371 400 486 
209 8 17 232 260 312 345 363 402 
210 25 98 119 126 389 463 
211 58 78 137 138 139 154 203 296 319 385 460 
212 35 175 204 238 290 313 356 393 440 452 469 
213 56 131 375 420 
214 19 135 169 170 225 259 332 386 441 
215 43 45 64 150 178 245 251 277 278 345 410 478 
216 139 297 347 385 393 452 453 469 
217 15 35 65 206 244 419 
218 0 38 100 134 256 325 348 465 
219 76 178 315 390 428 
220 48 77 290 369 394 397 406 450 
221 116 173 270 337 348 366 406 491 
222 85 241 314 324 389 
223 38 141 245 248 402 499 
224 244 347 349 388 397 405 406 482 491 
225 152 181 214 226 352 
226 17 28 84 163 225 269 282 
227 49 55 164 190 202 386 412 488 
228 45 194 243 289 310 334 417 443 448 451 
229 64 91 134 159 163 388 405 407 423 449 455 497 
230 28 44 60 197 283 388 482 498 
231 18 67 75 106 196 234 250 368 399 437 494 
232 165 209 289 301 332 351 363 380 402 448 
233 70 76 100 182 198 249 374 383 390 
234 74 77 145 148 231 250 368 
235 17 177 181 192 246 260 334 396 
236 35 68 259 288 313 339 415 440 
237 38 64 128 133 194 304 485 
238 69 79 112 186 212 247 262 296 302 303 313 328 352 356 452 470 
239 89 331 384 
240 24 30 47 102 120 134 329 397 406 487 498 
241 96 120 146 222 242 264 340 389 491 
242 52 87 196 199 241 275 340 368 395 401 473 496 
243 228 245 289 417 499 
244 59 93 111 118 217 224 349 394 401 405 436 482 
245 17 215 223 243 248 271 289 380 404 499 
246 38 125 165 235 
247 5 29 112 175 204 238 313 344 364 385 393 440 452 
248 150 166 223 245 281 294 404 417 
249 33 43 166 182 233 291 315 374 383 
250 57 74 99 117 142 173 231 234 274 298 436 
251 14 91 156 215 304 380 383 455 478 
252 4 10 59 163 165 322 370 397 452 482 
253 19 208 261 371 424 461 
254 37 123 162 409 456 
255 50 116 280 349 366 368 427 437 466 483 
256 0 91 171 218 277 
257 409 
258 20 74 87 142 199 333 355 411 
259 19 135 214 236 386 403 419 435 
260 17 40 209 235 363 402 
261 66 164 253 371 412 424 447 448 
262 88 109 113 130 138 238 296 328 336 356 385 460 
263 31 286 337 405 449 457 491 497 
264 7 54 144 241 355 
265 22 85 314 320 343 353 434 
266 3 18 148 333 354 355 
267 5 62 73 112 121 137 175 364 376 440 490 
268 3 52 87 185 333 496 
269 84 174 226 
270 106 160 221 298 357 425 
271 76 166 180 245 287 315 345 390 443 451 
272 147 173 283 394 406 423 457 
273 56 75 173 298 399 449 483 
274 148 179 250 425 473 
275 25 30 32 92 93 96 126 242 299 
276 11 51 114 151 164 279 330 334 338 358 387 448 
277 31 156 171 215 256 301 471 
278 34 60 134 147 174 215 321 351 451 
279 276 312 330 360 387 447 448 
280 107 255 326 346 427 459 483 
281 17 248 334 380 
282 47 120 226 322 415 
283 28 60 65 84 159 230 272 308 321 407 
284 2 46 67 95 480 
285 23 58 130 132 309 359 430 438 495 
286 263 349 407 
287 91 133 156 194 271 295 310 410 471 
288 1 44 65 82 86 152 206 236 305 339 367 433 
289 17 158 228 232 243 245 308 345 402 417 
290 24 47 118 136 160 188 206 212 220 370 433 487 
291 249 294 345 410 478 499 
292 76 180 345 443 
293 23 108 132 137 140 168 336 462 
294 0 14 91 128 156 194 248 291 410 
295 26 287 315 345 
296 5 88 104 105 130 138 157 211 238 262 307 392 
297 42 79 113 130 139 167 216 328 347 381 397 426 452 469 
298 148 191 250 270 273 425 459 
299 32 54 85 122 146 167 275 475 481 
300 6 29 62 68 364 365 381 453 
301 14 36 43 100 187 232 277 348 467 478 
302 72 172 238 479 
303 16 42 238 370 432 445 
304 128 237 251 390 410 482 
305 1 136 186 197 288 313 347 381 393 419 433 440 470 
306 72 206 208 371 372 
307 22 58 78 167 296 314 319 359 458 475 
308 60 61 81 283 289 397 429 439 482 484 
309 140 154 157 168 285 341 385 458 462 495 
310 91 133 156 194 228 287 351 
311 7 13 30 92 111 144 146 160 207 329 436 
312 12 40 169 209 279 360 363 378 386 
313 65 68 122 212 236 238 247 305 356 414 452 469 470 
314 22 94 98 222 265 307 320 324 422 434 458 
315 76 166 198 219 249 271 295 373 383 390 
316 1 65 189 206 421 433 
317 106 369 406 423 437 450 491 498 
318 2 50 53 67 117 173 437 466 468 472 477 
319 113 154 175 203 211 307 324 364 385 398 
320 22 126 140 265 314 475 
321 38 134 147 174 278 283 348 455 
322 59 81 93 118 120 160 188 252 282 329 429 454 487 
323 89 153 170 208 371 412 488 
324 85 122 222 314 319 328 335 353 432 487 
325 134 149 174 218 407 482 
326 155 280 427 437 459 494 
327 1 24 136 367 421 
328 71 109 130 238 262 297 324 347 393 458 460 
329 4 32 39 47 160 240 311 322 415 439 454 481 487 
330 114 135 276 279 378 493 
331 55 89 239 393 453 479 
332 40 192 214 232 358 363 402 
333 3 87 145 258 266 268 355 368 
334 17 129 177 228 235 276 281 378 402 
335 42 167 324 385 460 
336 32 97 110 132 140 157 168 262 293 362 430 462 495 
337 57 75 77 116 124 221 263 399 427 492 
338 63 143 276 360 400 
339 62 82 172 206 236 288 453 490 
340 52 96 145 146 199 241 242 368 395 
341 78 309 362 392 422 489 495 
342 5 109 138 175 203 204 
343 9 98 126 265 434 475 
344 29 65 72 88 101 121 139 204 247 356 414 440 
345 141 194 209 215 271 289 291 292 295 451 
346 127 280 409 411 
347 16 71 104 136 137 139 167 186 216 224 297 305 328 381 385 469 
348 14 91 187 218 221 301 321 455 467 
349 30 34 93 224 244 255 286 406 445 457 491 498 
350 2 50 53 107 185 354 468 492 
351 38 64 128 174 187 232 278 310 455 471 
352 82 86 111 184 225 238 367 
353 98 265 324 422 432 475 
354 46 142 199 266 350 492 
355 41 46 67 87 145 258 264 266 333 473 
356 62 112 121 175 189 204 212 238 262 313 344 376 414 486 
357 56 60 75 106 116 173 270 427 450 459 468 
358 11 49 170 276 332 372 382 424 
359 58 137 285 307 418 458 
360 11 40 114 164 279 312 338 403 
361 2 3 53 95 107 480 
362 22 23 88 132 154 168 336 341 489 
363 192 209 232 260 312 332 417 
364 29 112 175 247 267 300 319 376 393 
365 29 62 121 189 300 384 414 
366 20 31 48 116 221 255 399 459 
367 15 82 84 114 288 327 352 421 441 444 485 
368 21 57 74 145 231 234 242 255 333 340 401 473 
369 92 93 220 317 401 406 436 
370 1 24 44 118 186 188 252 290 303 415 442 454 
371 55 170 190 208 253 261 306 323 372 400 
372 19 35 55 72 89 101 306 358 371 
373 70 76 166 315 451 
374 33 43 70 80 141 166 171 180 233 249 
375 183 213 377 
376 58 62 138 175 203 204 267 356 364 490 
377 375 456 
378 8 12 165 312 330 334 387 396 402 448 
379 32 90 110 434 458 
380 64 232 245 251 281 396 448 471 
381 1 6 29 105 130 186 297 300 305 347 
382 49 101 170 358 386 403 435 474 486 
383 43 182 233 249 251 315 
384 189 239 365 416 453 490 
385 105 115 130 157 211 216 247 262 309 319 335 347 
386 51 135 151 164 170 214 227 259 312 382 424 474 488 
387 164 276 279 378 
388 28 224 229 230 405 433 482 
389 32 54 57 96 145 210 222 241 397 496 
390 38 70 76 80 178 219 233 271 304 315 428 478 
391 161 453 464 
392 79 108 109 157 296 341 418 
393 5 71 88 115 130 167 212 216 247 305 328 331 364 460 
394 48 207 220 244 272 423 445 491 498 
395 25 90 93 242 340 
396 118 161 197 235 378 380 482 
397 10 30 47 59 85 144 160 220 224 240 252 297 308 389 
398 58 79 88 109 138 154 157 319 430 460 
399 92 106 155 173 231 273 337 366 449 457 483 
400 1 55 89 135 208 338 371 474 479 
401 124 242 244 368 369 450 472 
402 158 192 209 223 232 260 289 332 334 378 417 
403 15 190 259 360 382 435 
404 150 245 248 417 499 
405 60 77 188 224 229 244 263 388 425 450 
406 48 93 124 205 220 221 224 240 272 317 349 369 457 
407 31 185 229 283 286 325 497 
408 50 99 411 494 
409 123 162 183 254 257 346 425 
410 14 17 91 141 194 215 287 291 294 304 456 478 
411 75 117 127 149 258 346 408 
412 49 66 143 190 193 227 261 323 488 
413 48 147 498 
414 29 62 121 189 313 344 356 365 
415 10 30 47 59 102 118 160 236 282 329 370 454 487 
416 12 65 82 125 161 384 
417 45 228 243 248 289 363 402 404 
418 71 78 104 109 359 392 489 
419 69 172 217 259 305 
420 100 187 201 213 431 456 
421 4 81 152 316 327 367 
422 25 71 94 314 341 353 432 458 
423 31 60 77 147 159 229 272 317 394 
424 190 253 261 358 386 
425 116 117 162 270 274 298 405 409 472 
426 16 58 69 115 139 186 188 297 432 
427 75 173 255 280 326 337 357 459 477 
428 31 76 141 166 180 201 219 390 
429 42 61 144 308 322 482 
430 108 110 285 336 398 438 458 
431 43 100 150 171 420 476 
432 32 90 146 303 324 353 422 426 
433 61 102 118 188 288 290 305 316 388 442 
434 94 98 126 265 314 343 379 
435 19 170 206 259 382 403 444 474 
436 13 92 93 111 191 244 250 311 369 445 491 
437 106 117 196 231 255 317 318 326 459 477 483 
438 285 430 462 
439 1 4 124 163 308 329 498 
440 1 69 212 236 247 267 305 344 
441 184 214 367 
442 4 24 44 118 160 370 433 
443 26 178 228 271 292 497 
444 55 69 367 435 474 479 
445 47 93 111 144 207 303 349 394 436 491 
446 18 107 127 185 
447 49 63 66 164 202 261 279 
448 12 63 114 169 202 228 232 261 276 279 378 380 
449 31 149 229 263 273 399 456 467 497 
450 220 317 357 401 405 457 483 
451 76 141 228 271 278 345 373 467 
452 6 68 69 84 115 212 216 238 247 252 297 313 458 469 490 
453 68 69 216 300 331 339 384 391 
454 21 24 30 102 119 144 322 329 370 415 481 
455 0 14 91 156 187 229 251 321 348 351 471 
456 37 123 141 254 377 410 420 449 
457 77 116 263 272 349 399 406 450 468 
458 58 90 130 154 168 307 309 314 328 359 379 422 430 452 
459 75 116 155 280 298 326 357 366 427 437 472 
460 22 24 58 113 139 211 262 328 335 393 398 
461 176 253 
462 42 97 132 168 293 309 336 438 495 
463 210 
464 181 391 
465 131 183 218 
466 67 127 255 318 
467 127 147 301 348 449 451 
468 67 318 350 357 457 
469 5 16 212 216 297 313 347 452 
470 68 138 238 305 313 490 
471 38 64 174 277 287 351 380 455 
472 53 106 318 401 425 459 483 494 
473 41 107 142 145 242 274 355 368 494 
474 72 170 172 382 386 400 435 444 479 488 
475 25 32 42 85 104 299 307 320 343 353 
476 0 431 
477 2 99 117 318 427 437 
478 91 141 215 251 291 301 390 410 
479 29 89 101 172 302 331 400 444 474 
480 284 361 492 
481 21 32 59 119 299 329 454 
482 44 61 93 116 163 197 224 230 244 252 304 308 325 388 396 429 
483 75 116 191 255 273 280 399 437 450 472 
484 10 21 32 102 119 126 308 487 
485 28 120 125 165 237 367 
486 55 66 153 208 356 382 
487 47 102 120 160 240 290 322 324 329 415 484 
488 135 227 323 386 412 474 
489 108 132 154 341 362 418 
490 29 112 267 339 376 384 452 470 
491 92 179 221 224 241 263 317 349 394 436 445 
492 18 20 67 337 350 354 480 
493 12 169 177 181 330 
494 2 20 106 148 185 196 231 326 408 472 473 
495 97 132 140 168 285 309 336 341 462 
496 13 27 52 74 87 96 103 145 242 268 389 
497 56 149 229 263 407 443 449 
498 34 60 230 240 317 349 394 413 439 
499 45 223 243 245 291 404 
