0 5 28 48 104 113 173 265 280 302 323 335 358 429 481 483 495 
1 21 41 43 97 125 134 175 209 262 294 343 428 451 465 
2 34 168 229 337 387 440 
3 35 44 60 100 145 240 255 370 384 404 477 489 493 
4 23 55 65 79 158 200 401 
5 0 45 201 213 234 323 335 429 481 
6 31 146 160 210 229 232 410 457 
7 114 119 130 261 340 365 416 
8 93 223 282 331 372 382 434 
9 131 262 273 369 409 450 454 486 
10 120 129 184 276 296 345 
11 90 96 171 196 350 353 417 438 499 
12 32 38 144 161 163 186 353 373 385 417 445 
13 105 116 159 250 330 333 371 
14 61 88 94 327 339 492 
15 218 237 259 264 322 426 453 
16 158 330 338 
17 55 296 320 338 361 398 423 
18 28 111 156 257 367 408 436 440 
19 38 86 152 254 419 
20 195 236 328 
21 1 41 59 64 134 175 314 343 464 465 
22 67 113 235 248 287 395 418 420 449 495 
23 4 55 158 342 
24 53 118 131 151 202 229 233 235 286 403 424 482 483 495 
25 94 139 172 236 328 346 492 
26 29 252 407 498 
27 108 120 128 129 150 318 345 484 
28 0 18 33 48 176 201 323 358 431 
29 26 36 195 407 498 
30 39 130 187 368 394 405 419 462 479 
31 6 73 75 129 131 146 268 273 308 444 466 
32 12 82 139 196 244 397 417 468 472 
33 28 145 295 388 404 427 439 
34 2 76 168 204 337 369 387 440 
35 3 81 295 305 388 443 449 
36 29 124 469 
37 106 227 239 253 363 366 402 447 
38 12 19 86 187 261 350 419 462 487 499 
39 30 86 130 254 350 416 
40 85 131 135 217 232 308 471 475 486 
41 1 21 73 102 134 175 209 237 239 314 317 343 465 466 470 480 
42 146 151 154 160 271 279 285 351 392 464 471 484 
43 1 51 110 134 157 209 237 290 432 465 470 
44 3 117 147 246 255 364 386 404 477 
45 5 165 172 304 
46 67 86 96 186 254 298 385 488 
47 86 353 385 422 
48 0 28 170 173 176 212 265 281 300 358 391 422 429 
49 59 66 284 312 366 367 369 421 454 
50 77 93 142 205 282 377 
51 43 268 278 294 363 428 447 480 
52 100 156 265 301 334 354 384 404 439 452 482 
53 24 73 112 123 157 162 188 206 275 278 284 291 312 450 454 
54 171 350 419 
55 4 17 23 70 126 158 342 415 
56 190 210 271 381 392 
57 96 144 152 254 269 274 307 368 395 487 492 
58 79 84 116 148 179 311 330 377 
59 21 49 106 127 262 275 433 
60 3 145 240 370 376 388 443 485 493 
61 14 177 208 374 380 400 414 448 492 
62 104 122 181 248 374 435 
63 125 166 227 264 480 
64 21 110 125 194 237 259 264 294 322 349 426 470 
65 4 105 208 282 320 330 333 393 400 442 
66 49 168 191 292 337 355 387 436 440 
67 22 46 109 144 221 274 304 488 
68 145 164 240 255 309 319 364 404 439 443 467 477 489 
69 194 200 279 293 343 345 
70 55 159 179 219 476 
71 141 263 346 360 448 458 
72 77 121 179 260 338 401 
73 31 41 53 74 118 215 232 279 293 317 464 465 
74 73 75 129 183 279 345 392 412 423 
75 31 74 99 190 338 345 379 381 423 471 
76 34 99 155 191 206 211 337 387 409 440 450 459 
77 50 72 87 153 
78 135 186 249 272 345 
79 4 58 153 158 179 342 
80 204 257 430 433 436 451 
81 35 89 117 169 185 225 389 443 
82 32 163 213 298 373 445 
83 181 222 315 385 418 488 
84 58 126 139 331 372 377 434 460 
85 40 104 256 299 318 324 435 
86 19 38 39 46 47 326 419 463 487 
87 77 116 179 208 342 
88 14 141 360 
89 81 117 185 240 295 364 383 389 404 485 
90 11 171 196 295 353 404 419 
91 165 196 270 353 437 449 
92 144 152 187 304 368 463 
93 8 50 282 333 372 377 434 
94 14 25 139 174 236 414 492 
95 97 106 123 157 166 284 291 325 369 430 
96 11 46 57 144 187 226 244 269 359 385 394 395 445 
97 1 95 102 166 253 325 366 402 410 
98 180 253 312 369 450 490 
99 75 76 108 190 210 258 343 392 423 
100 3 52 176 230 240 255 300 305 370 376 422 
101 149 326 397 417 
102 41 97 110 115 134 146 237 294 363 428 447 473 
103 216 230 251 375 446 477 
104 0 62 85 135 154 233 238 308 324 351 399 455 484 
105 13 65 122 177 242 256 311 320 435 
106 37 59 95 259 363 402 428 432 447 456 
107 154 200 238 271 299 318 348 381 418 
108 27 99 115 217 228 285 308 318 392 399 412 423 471 
109 67 149 161 222 224 263 304 359 405 
110 43 64 102 209 237 268 426 
111 18 135 156 201 292 344 431 440 452 
112 53 123 162 204 325 387 430 433 450 
113 0 22 173 176 212 278 335 429 483 
114 7 130 365 469 
115 102 108 157 275 294 299 447 456 473 
116 13 58 87 121 330 331 
117 44 81 89 169 185 277 389 443 477 
118 24 73 155 211 232 257 276 302 351 421 481 
119 7 130 261 365 416 462 469 
120 10 27 181 228 256 311 330 351 371 442 
121 72 116 128 137 158 159 179 219 330 435 
122 62 105 192 250 263 460 
123 53 95 112 127 180 284 291 351 369 402 409 
124 36 252 269 365 499 
125 1 63 64 218 480 
126 55 84 142 179 282 320 342 
127 59 123 268 276 278 294 447 466 473 
128 27 121 146 198 361 
129 10 27 31 74 150 210 228 345 392 
130 7 30 39 114 119 243 326 405 419 499 
131 9 24 31 40 188 262 285 299 421 450 484 
132 138 244 300 321 449 
133 139 274 288 307 374 382 492 
134 1 21 41 43 102 166 188 190 209 218 294 428 432 447 473 480 
135 40 78 104 111 167 192 214 238 315 
136 222 250 256 272 308 311 320 435 
137 121 153 179 205 260 333 338 342 
138 132 254 277 280 295 321 358 383 459 
139 25 32 84 94 133 172 174 195 346 
140 187 213 226 298 445 
141 71 88 223 346 407 414 
142 50 126 205 
143 147 191 216 251 257 283 408 452 
144 12 57 67 92 96 326 329 394 417 445 
145 3 33 60 68 216 230 281 334 375 388 439 443 459 
146 6 31 42 102 128 160 233 258 273 317 345 410 466 
147 44 143 164 216 245 375 378 440 482 
148 58 153 179 260 330 
149 101 109 224 287 335 359 391 
150 27 129 198 279 289 457 471 
151 24 42 202 235 302 420 455 
152 19 57 92 186 226 252 394 418 463 498 
153 77 79 137 148 179 342 401 476 
154 42 104 107 192 198 308 315 348 
155 76 118 206 341 344 355 440 
156 18 52 111 240 241 283 341 355 370 396 497 
157 43 53 95 115 166 203 239 278 363 447 470 
158 4 16 23 55 79 121 320 398 476 
159 13 70 121 219 311 330 371 
160 6 42 146 178 203 256 268 276 290 308 403 415 457 474 484 
161 12 109 163 224 315 339 
162 53 112 193 204 227 352 433 451 
163 12 82 161 186 222 298 307 359 397 417 420 
164 68 147 197 225 375 376 378 
165 45 91 270 295 313 354 437 
166 63 95 97 134 157 239 253 447 453 473 480 
167 135 186 188 232 233 249 308 403 442 455 
168 2 34 66 206 302 
169 81 117 185 216 277 321 389 439 
170 48 212 230 234 240 241 247 283 300 376 439 459 
171 11 54 90 270 295 350 354 493 
172 25 45 139 177 339 380 418 
173 0 48 113 176 212 286 321 
174 94 139 195 328 360 406 458 492 
175 1 21 41 194 203 264 278 303 363 426 464 473 
176 28 48 100 113 173 201 280 286 341 370 422 
177 61 105 172 304 
178 160 190 215 237 279 293 317 343 379 464 
179 58 70 72 79 87 121 126 137 148 153 342 401 
180 98 123 291 312 436 454 
181 62 83 120 435 441 
182 346 360 478 
183 74 258 290 338 345 471 
184 10 272 296 361 371 398 
185 81 89 117 169 246 389 459 477 
186 12 46 78 152 163 167 222 372 488 
187 30 38 92 96 140 462 468 
188 53 131 134 167 202 203 275 299 317 450 466 484 
189 393 460 
190 56 75 99 134 178 279 285 343 379 464 470 
191 66 76 143 283 367 387 440 483 
192 122 135 154 237 249 273 475 
193 162 325 436 496 
194 64 69 175 218 253 259 264 322 
195 20 29 139 174 380 390 414 
196 11 32 90 91 226 353 385 487 
197 164 220 251 396 413 446 497 
198 128 150 154 200 315 318 348 381 415 442 
199 356 362 459 489 497 
200 4 69 107 198 289 318 348 381 441 457 475 
201 5 28 111 176 206 234 247 280 391 424 446 
202 24 151 188 217 229 233 299 455 
203 157 160 175 188 232 278 351 486 
204 34 80 112 162 430 
205 50 137 142 282 377 
206 53 76 155 168 201 286 337 410 421 
207 222 226 307 327 414 418 492 
208 61 65 87 320 330 348 
209 1 41 43 110 134 314 428 456 480 
210 6 56 99 129 228 293 471 
211 76 118 280 283 302 403 410 421 
212 48 113 170 173 241 244 281 341 358 391 
213 5 82 140 274 298 420 
214 135 217 222 249 
215 73 178 293 294 314 349 
216 103 143 145 147 169 240 251 376 439 446 467 482 
217 40 108 202 214 232 273 276 285 348 399 403 475 484 
218 15 125 134 194 259 317 453 473 
219 70 121 159 330 333 338 371 393 
220 197 306 309 378 461 
221 67 491 
222 83 109 136 163 186 207 214 265 418 478 488 
223 8 141 282 380 382 
224 109 149 161 252 373 488 
225 81 164 230 245 334 364 367 375 389 452 461 477 485 
226 96 140 152 196 207 252 326 373 395 425 445 
227 37 63 162 294 363 402 432 
228 108 120 129 210 318 345 381 423 464 471 
229 2 6 24 202 233 262 351 421 
230 100 103 145 170 225 283 341 376 383 384 439 446 
231 328 425 463 479 
232 6 40 73 118 167 203 217 250 273 403 424 475 486 
233 24 104 146 167 202 229 272 287 381 420 457 486 
234 5 170 201 251 300 358 383 422 452 
235 22 24 151 302 391 424 495 
236 20 25 94 407 
237 15 41 43 64 102 110 178 192 239 253 322 402 426 428 447 456 
238 104 107 135 256 415 460 
239 37 41 157 166 237 291 366 432 456 490 
240 3 60 68 89 100 156 170 216 300 303 319 341 370 
241 156 170 212 341 344 358 429 452 497 
242 105 260 263 406 448 460 
243 130 316 463 499 
244 32 96 132 212 438 
245 147 225 301 319 375 
246 44 185 443 
247 170 201 286 370 431 
248 22 62 373 418 420 458 
249 78 167 192 214 272 285 303 324 410 
250 13 122 136 232 371 381 441 
251 103 143 197 216 234 319 370 384 446 467 
252 26 124 152 224 226 368 416 463 
253 37 97 98 166 194 237 284 294 363 402 432 447 454 
254 19 39 46 57 138 350 353 373 438 445 
255 3 44 68 100 370 386 439 
256 85 105 120 136 160 238 260 272 330 442 
257 18 80 118 143 430 440 450 497 
258 99 146 183 349 471 
259 15 64 106 194 218 322 428 453 470 
260 72 137 148 242 256 
261 7 38 119 419 
262 1 9 59 131 229 289 299 369 403 
263 71 109 122 242 327 347 360 372 374 406 434 448 458 
264 15 63 64 175 194 314 426 453 480 
265 0 48 52 222 277 321 358 472 483 488 
266 316 469 
267 296 338 361 398 
268 31 51 110 127 160 296 317 466 
269 57 96 124 288 368 385 394 492 
270 91 165 171 313 332 354 397 
271 42 56 107 444 474 475 
272 78 136 184 233 249 256 410 
273 9 31 146 192 217 232 351 410 457 466 484 
274 57 67 133 213 298 304 483 
275 53 59 115 188 284 440 451 
276 10 118 127 160 217 403 410 444 475 484 486 
277 117 138 169 265 354 388 443 488 
278 51 53 113 127 157 175 203 337 351 363 369 454 
279 42 69 73 74 150 178 190 293 318 349 392 412 471 
280 0 138 176 201 211 283 358 367 383 481 
281 48 145 212 305 335 341 358 421 422 452 459 472 
282 8 50 65 93 126 205 223 377 393 
283 143 156 170 191 211 230 280 341 370 384 391 396 408 
284 49 53 95 123 253 275 317 337 
285 42 108 131 190 217 249 289 318 381 457 471 474 484 
286 24 173 176 206 247 323 358 391 421 
287 22 149 233 335 399 420 
288 133 269 327 
289 150 200 262 285 318 
290 43 160 183 322 343 349 379 423 
291 53 95 123 180 239 292 312 430 454 490 
292 66 111 291 367 387 440 
293 69 73 178 210 215 279 322 343 457 
294 1 51 64 102 115 127 134 215 227 253 363 428 456 473 
295 33 35 89 90 138 165 171 313 354 357 383 427 493 
296 10 17 184 267 268 348 
297 309 319 396 
298 46 82 140 163 213 274 359 385 445 
299 85 107 115 131 188 202 262 317 399 415 484 
300 48 100 132 170 234 240 353 370 376 383 452 459 482 489 496 
301 52 245 413 
302 0 118 151 168 211 235 341 403 424 481 486 
303 175 240 249 310 483 
304 45 67 92 109 177 274 327 385 422 488 
305 35 100 281 383 404 
306 220 387 
307 57 133 163 207 445 479 492 
308 31 40 104 108 136 154 160 167 348 
309 68 220 297 356 485 
310 303 370 409 431 
311 58 105 120 136 159 320 371 
312 49 53 98 180 291 369 450 454 
313 165 270 295 354 359 373 376 419 449 494 
314 21 41 209 215 264 426 453 480 
315 83 135 154 161 198 488 
316 243 266 469 
317 41 73 146 178 188 218 268 284 299 465 486 
318 27 85 107 108 198 200 228 279 285 289 348 381 410 415 
319 68 240 245 251 297 378 497 
320 17 65 105 126 136 158 208 311 
321 132 138 169 173 265 323 358 422 472 
322 15 64 194 237 259 290 293 343 426 453 
323 0 5 28 286 321 335 420 
324 85 104 249 484 
325 95 97 112 193 433 451 
326 86 101 130 144 226 405 419 438 468 
327 14 207 263 288 304 380 449 
328 20 25 174 231 407 414 479 
329 144 353 359 373 397 417 
330 13 16 58 65 116 120 121 148 159 208 219 256 393 442 
331 8 84 116 448 458 
332 270 437 493 
333 13 65 93 137 219 401 406 
334 52 145 225 378 411 485 
335 0 5 113 149 281 287 323 404 483 
336 337 352 355 409 
337 2 34 66 76 206 278 284 336 450 486 
338 16 17 72 75 137 183 219 267 371 398 
339 14 161 172 458 
340 7 416 
341 155 156 176 212 230 240 241 281 283 302 452 
342 23 55 79 87 126 137 153 179 401 
343 1 21 41 69 99 178 190 290 293 322 361 379 412 423 
344 111 155 241 355 429 496 
345 10 27 69 74 75 78 129 146 183 228 371 
346 25 71 139 141 182 347 360 
347 263 346 434 448 
348 107 154 198 200 208 217 296 308 318 381 415 441 442 
349 64 215 258 279 290 412 470 
350 11 38 39 54 171 254 353 
351 42 104 118 120 123 203 229 273 278 475 
352 162 336 
353 11 12 47 90 91 196 254 300 329 350 368 438 
354 52 165 171 270 277 295 313 
355 66 155 156 336 344 
356 199 309 362 376 386 
357 295 383 388 427 439 
358 0 28 48 138 212 234 241 265 280 281 286 321 391 429 472 
359 96 109 149 163 298 313 329 385 417 422 
360 71 88 174 182 263 346 372 
361 17 128 184 267 343 
362 199 356 376 386 485 
363 37 51 102 106 157 175 227 253 278 294 402 428 456 473 
364 44 68 89 225 383 386 411 461 477 485 
365 7 114 119 124 416 499 
366 37 49 97 239 402 
367 18 49 191 225 280 292 387 440 
368 30 57 92 252 269 353 394 405 425 
369 9 34 49 95 98 123 262 278 312 409 
370 3 60 100 156 176 240 247 251 255 283 300 310 408 439 459 
371 13 120 159 184 219 250 311 338 345 
372 8 84 93 186 263 360 380 448 
373 12 82 224 226 248 254 313 329 397 
374 61 62 133 263 380 
375 103 145 147 164 225 245 386 467 493 
376 60 100 164 170 216 230 300 313 356 362 386 388 459 
377 50 58 84 93 205 282 
378 147 164 220 319 334 396 408 
379 75 178 190 290 343 447 
380 61 172 195 223 327 372 374 458 
381 56 75 107 198 200 228 233 250 285 318 348 
382 8 133 223 
383 89 138 230 234 280 295 300 305 357 364 404 494 
384 3 52 230 251 283 489 
385 12 46 47 83 96 196 269 298 304 359 395 417 420 445 
386 44 255 356 362 364 375 376 389 477 485 
387 2 34 66 76 112 191 292 306 367 451 497 
388 33 35 60 145 277 357 376 389 404 443 452 
389 81 89 117 169 185 225 386 388 489 493 
390 195 395 458 
391 48 149 201 212 235 283 286 358 
392 42 56 74 99 108 129 279 412 
393 65 189 219 282 330 400 
394 30 96 144 152 269 368 462 479 
395 22 57 96 226 385 390 425 
396 156 197 283 297 378 436 496 
397 32 101 163 270 329 373 417 449 
398 17 158 184 267 338 442 
399 104 108 217 287 299 475 
400 61 65 393 460 
401 4 72 153 179 333 342 
402 37 97 106 123 227 237 253 363 366 409 432 447 
403 24 160 167 211 217 232 262 276 302 455 
404 3 33 44 52 68 89 90 305 335 383 388 459 
405 30 109 130 326 368 425 463 468 
406 174 242 263 333 434 458 460 
407 26 29 141 236 328 414 
408 18 143 283 370 378 
409 9 76 123 310 336 369 402 421 450 454 
410 6 97 146 206 211 249 272 273 276 318 457 474 484 
411 334 364 443 461 467 489 
412 74 108 279 343 349 392 423 470 
413 197 301 
414 61 94 141 195 207 328 407 
415 55 160 198 238 299 318 348 442 
416 7 39 119 252 340 365 462 469 
417 11 12 32 101 144 163 329 359 385 397 438 
418 22 83 107 152 172 207 222 248 492 
419 19 30 38 54 86 90 130 261 313 326 462 
420 22 151 163 213 233 248 287 323 385 
421 49 118 131 206 211 229 281 286 409 450 
422 47 48 100 176 234 281 304 321 359 452 472 488 
423 17 74 75 99 108 228 290 343 412 464 471 
424 24 201 232 235 302 
425 226 231 368 395 405 
426 15 64 110 175 237 264 314 322 
427 33 295 357 493 
428 1 51 102 106 134 209 237 259 294 363 473 480 
429 0 5 48 113 241 344 358 483 
430 80 95 112 204 257 291 
431 28 111 247 310 482 483 
432 43 106 134 227 239 253 402 447 456 
433 59 80 112 162 325 436 454 
434 8 84 93 263 347 406 
435 62 85 105 121 136 181 442 
436 18 66 80 180 193 396 433 
437 91 165 332 491 
438 11 244 254 326 353 417 449 
439 33 52 68 145 169 170 216 230 255 357 370 477 
440 2 18 34 66 76 111 147 155 191 257 275 292 367 451 
441 181 200 250 348 442 455 
442 65 120 167 198 256 330 348 398 415 435 441 
443 35 60 68 81 117 145 246 277 388 411 452 467 
444 31 271 276 466 471 474 
445 12 82 96 140 144 226 254 298 307 385 448 
446 103 197 201 216 230 251 497 
447 37 51 102 106 115 127 134 157 166 237 253 379 402 432 456 473 
448 61 71 242 263 331 347 372 445 
449 22 35 91 132 313 327 397 438 
450 9 53 76 98 112 131 188 257 312 337 409 421 473 
451 1 80 162 275 325 387 440 
452 52 111 143 225 234 241 281 300 341 388 422 443 459 489 
453 15 166 218 259 264 314 322 
454 9 49 53 180 253 278 291 312 409 433 
455 104 151 167 202 403 441 
456 106 115 209 237 239 294 363 432 447 473 
457 6 150 160 200 233 273 285 293 410 474 
458 71 174 248 263 331 339 380 390 406 492 
459 76 138 145 170 185 199 281 300 370 376 404 452 
460 84 122 189 238 242 400 406 
461 220 225 364 411 489 
462 30 38 119 187 394 416 419 468 
463 86 92 152 231 243 252 405 479 
464 21 42 73 175 178 190 228 423 
465 1 21 41 43 73 317 470 
466 31 41 127 146 188 268 273 444 
467 68 216 251 375 411 443 477 
468 32 187 326 405 462 
469 36 114 119 266 316 416 
470 41 43 64 157 190 259 349 412 465 
471 40 42 75 108 150 183 210 228 258 279 285 423 444 
472 32 265 281 321 358 422 
473 102 115 127 134 166 175 218 294 363 428 447 450 456 
474 160 271 285 410 444 457 484 
475 40 192 200 217 232 271 276 351 399 
476 70 153 158 
477 3 44 68 103 117 185 225 364 386 439 467 
478 182 222 
479 30 231 307 328 394 463 
480 41 51 63 125 134 166 209 264 314 428 
481 0 5 118 280 302 
482 24 52 147 216 300 431 496 
483 0 24 113 191 265 274 303 335 429 431 
484 27 42 104 131 160 188 217 273 276 285 299 324 410 474 
485 60 89 225 309 334 362 364 386 489 
486 9 40 203 232 233 276 302 317 337 
487 38 57 86 196 
488 46 67 83 186 222 224 265 277 304 315 422 
489 3 68 199 300 384 389 411 452 461 485 
490 98 239 291 
491 221 437 
492 14 25 57 61 94 133 174 207 269 307 418 458 
493 3 60 171 295 332 375 389 427 494 
494 313 383 493 
495 0 22 24 235 
496 193 300 344 396 482 497 
497 156 197 199 241 257 319 387 446 496 
498 26 29 152 
499 11 38 124 130 243 365 
