0 117 229 260 287 499 
1 5 19 31 63 70 137 348 434 
2 143 149 156 195 230 249 273 307 318 416 
3 224 238 259 263 288 319 398 425 467 
4 29 60 78 121 163 388 404 445 
5 1 19 31 85 106 137 224 243 254 259 310 385 413 434 
6 18 49 211 272 305 332 463 473 482 488 
7 39 68 83 90 95 118 123 138 150 188 200 216 221 286 306 326 396 415 478 
8 47 107 189 219 257 292 299 375 420 426 458 
9 93 181 257 294 401 426 466 487 
10 61 96 126 202 312 325 352 
11 53 79 155 165 213 226 228 291 316 418 422 447 
12 94 102 113 145 149 185 220 273 276 307 323 407 432 481 
13 25 218 223 230 256 307 351 363 407 440 468 470 
14 79 91 119 186 191 264 
15 116 340 354 430 
16 45 47 105 109 204 261 371 373 412 455 
17 35 54 71 87 223 261 275 308 412 
18 6 37 81 171 231 265 267 272 369 372 427 444 451 482 
19 1 5 31 86 137 140 208 243 290 295 322 410 
20 31 140 205 254 290 348 
21 37 198 231 265 279 293 331 346 362 377 444 464 
22 50 229 277 338 366 391 462 
23 77 84 95 100 138 200 210 239 281 480 
24 28 105 299 341 370 426 465 
25 13 35 40 50 89 103 244 277 416 
26 51 73 136 150 186 190 241 264 285 304 387 461 
27 61 126 145 207 220 273 325 342 438 480 498 
28 24 77 123 170 181 257 258 350 435 446 494 
29 4 127 163 314 346 445 
30 64 129 132 215 240 319 349 356 425 441 
31 1 5 19 20 70 80 85 86 243 399 417 
32 75 139 165 187 353 365 376 424 442 
33 92 171 225 235 346 
34 44 174 206 353 
35 17 25 105 158 242 244 245 277 308 338 366 483 
36 129 148 153 174 250 298 320 330 352 390 414 425 442 451 
37 18 21 92 231 331 346 444 451 486 
38 42 67 69 76 253 337 
39 7 83 90 95 181 200 255 257 324 396 408 472 
40 25 45 50 219 232 236 248 338 416 428 
41 89 106 167 169 178 240 310 329 385 393 
42 38 79 253 282 388 
43 208 236 296 391 405 429 
44 34 75 187 206 353 376 378 387 389 
45 16 40 105 204 244 341 364 373 
46 88 178 233 344 372 425 459 476 482 
47 8 16 52 223 347 370 383 455 
48 76 160 282 475 
49 6 60 64 121 129 267 329 357 409 488 
50 22 25 40 58 248 428 
51 26 150 183 281 304 326 360 421 435 443 
52 47 105 299 465 485 
53 11 179 217 311 
54 17 158 161 245 382 406 419 462 
55 99 125 193 219 277 366 405 448 457 481 497 
56 62 154 260 313 410 499 
57 101 423 454 
58 50 124 158 244 
59 104 111 141 247 352 367 418 463 464 
60 4 49 315 317 329 409 425 442 464 
61 10 27 126 145 280 312 351 376 392 438 440 
62 56 85 133 296 322 391 410 434 
63 1 86 114 140 205 290 319 348 379 399 411 
64 30 49 81 121 247 329 332 344 356 368 369 414 464 471 474 
65 82 263 289 309 398 452 
66 199 297 304 394 436 
67 38 69 76 116 237 311 
68 7 108 151 200 352 478 
69 38 67 160 186 340 354 
70 1 31 86 114 173 263 319 328 348 379 431 477 
71 17 223 266 275 383 465 491 
72 127 354 475 
73 26 150 190 206 212 302 381 443 
74 126 176 241 270 352 359 365 381 443 469 498 
75 32 44 139 353 376 
76 38 48 67 340 475 
77 23 28 107 181 257 395 485 
78 4 141 213 291 311 314 
79 11 14 42 160 217 291 303 369 430 
80 31 410 434 477 
81 18 64 215 320 330 332 356 
82 65 263 398 431 
83 7 39 84 118 146 221 306 415 
84 23 83 95 100 123 170 201 210 276 285 360 478 
85 5 31 62 137 140 153 243 254 262 322 391 
86 19 31 63 70 98 106 137 140 319 348 
87 17 227 245 327 363 373 412 483 
88 46 196 215 240 349 385 476 
89 25 41 169 184 195 208 262 283 296 322 
90 7 39 108 144 146 194 250 306 384 436 478 487 
91 14 100 264 394 461 
92 33 37 171 211 214 235 282 321 344 372 451 474 482 
93 9 135 146 185 271 294 351 364 
94 12 278 283 410 
95 7 23 39 84 123 159 201 210 221 380 450 
96 10 104 113 185 220 353 387 424 432 437 
97 403 
98 86 180 205 328 334 368 379 467 477 496 
99 55 169 195 283 323 441 
100 23 84 91 123 188 201 281 359 439 
101 57 112 403 
102 12 145 185 195 262 323 355 432 456 472 497 
103 25 208 249 262 391 405 429 460 
104 59 96 187 270 386 442 444 492 
105 16 24 35 45 52 204 222 223 266 347 395 468 
106 5 41 86 131 240 243 254 278 434 
107 8 77 109 207 256 299 342 448 
108 68 90 110 144 151 194 216 339 360 396 439 446 466 478 487 
109 16 107 204 245 308 355 412 426 448 
110 108 146 151 170 255 360 446 
111 59 128 215 231 272 279 321 378 444 451 488 
112 101 175 197 201 339 384 487 
113 12 96 134 145 177 206 246 273 307 353 386 432 438 441 
114 63 70 379 399 417 
115 121 231 272 314 330 331 372 441 463 
116 15 67 198 213 311 422 
117 0 125 229 242 244 249 399 428 429 
118 7 83 159 239 255 326 335 359 478 498 
119 14 141 191 264 291 
120 157 171 225 288 309 414 473 
121 4 49 64 115 136 163 182 272 378 463 482 
122 146 175 197 408 454 
123 7 28 84 95 100 144 151 170 201 380 478 
124 58 222 242 382 406 483 491 
125 55 117 133 140 153 
126 10 27 61 74 142 174 176 183 185 187 207 312 325 389 440 
127 29 72 235 253 282 293 336 358 388 402 
128 111 235 321 404 427 486 
129 30 36 49 134 169 208 215 272 279 330 344 356 369 488 
130 237 253 282 337 445 
131 106 184 195 208 240 254 271 318 334 391 393 405 
132 30 157 196 214 233 263 309 310 334 349 368 433 
133 62 125 177 260 295 322 499 
134 113 129 437 470 
135 93 256 273 312 351 407 437 438 440 456 472 480 
136 26 121 182 267 269 303 316 317 357 453 492 
137 1 5 19 85 86 205 254 262 278 310 385 416 
138 7 23 159 188 281 335 360 
139 32 75 301 353 357 365 376 453 
140 19 20 63 85 86 125 205 233 295 322 343 391 399 400 417 496 
141 59 78 119 192 430 
142 126 145 220 276 312 352 407 456 
143 2 149 219 246 318 428 448 
144 90 108 123 181 324 403 466 
145 12 27 61 102 113 142 183 195 246 252 273 292 351 395 407 456 
146 83 90 93 110 122 181 189 251 286 350 446 494 
147 238 305 414 
148 36 167 269 298 301 386 441 453 471 
149 2 12 143 195 218 219 249 277 364 405 412 
150 7 26 51 73 165 212 250 353 422 447 
151 68 108 110 123 286 350 360 408 
152 155 186 250 268 292 333 376 409 418 424 445 
153 36 85 125 169 240 298 332 344 385 
154 56 249 429 457 460 
155 11 152 190 191 241 250 394 447 
156 2 158 232 338 342 355 363 366 428 448 
157 120 132 214 225 238 305 385 473 
158 35 54 58 156 232 275 308 373 481 483 
159 95 118 138 188 360 394 
160 48 69 79 179 252 291 311 
161 54 222 383 490 
162 
163 4 29 121 314 331 358 367 404 
164 199 201 297 300 493 
165 11 32 150 228 418 422 447 493 
166 199 359 394 
167 41 148 298 329 357 409 425 453 
168 192 252 291 315 333 402 422 492 
169 41 89 99 129 153 184 215 233 240 356 399 425 
170 28 84 110 123 216 221 286 350 407 435 
171 18 33 92 120 214 329 372 414 474 482 
172 338 457 
173 70 259 343 398 467 
174 34 36 126 184 269 390 442 
175 112 122 255 339 454 
176 74 126 183 360 392 
177 113 133 236 277 405 429 
178 41 46 184 208 310 434 
179 53 160 
180 98 224 496 
181 9 28 39 77 144 146 396 
182 121 136 225 240 272 332 369 444 482 492 
183 51 126 145 176 212 270 292 352 438 469 498 
184 89 131 169 174 178 390 437 470 
185 12 93 96 102 126 273 292 325 351 387 407 
186 14 26 69 152 212 264 302 447 
187 32 44 104 126 248 298 376 
188 7 100 138 159 201 
189 8 146 209 218 261 299 326 341 364 371 374 455 468 
190 26 73 155 241 450 
191 14 119 155 192 252 264 450 
192 141 168 191 206 226 268 333 367 
193 55 232 242 287 296 361 
194 90 108 200 403 415 
195 2 89 99 102 131 145 149 262 273 318 323 366 405 437 497 
196 88 132 278 328 471 
197 112 122 454 495 
198 21 116 213 291 340 475 
199 66 164 166 201 297 394 461 
200 7 23 39 68 194 216 239 339 396 478 487 498 
201 84 95 100 112 123 164 188 199 360 
202 10 250 270 326 498 
203 263 452 
204 16 45 105 109 266 347 370 412 468 
205 20 63 98 137 140 290 322 
206 34 44 73 113 192 357 424 442 
207 27 107 126 221 273 276 396 480 
208 19 43 89 103 129 131 178 219 249 262 271 307 310 366 391 
209 189 299 370 455 
210 23 84 95 216 478 
211 6 92 279 362 
212 73 150 183 186 241 300 389 
213 11 78 116 198 311 430 464 
214 92 132 157 171 349 414 433 
215 30 81 88 111 129 169 298 332 369 433 453 463 471 
216 7 108 170 200 210 286 384 401 415 439 454 487 
217 53 79 228 311 340 
218 13 149 189 219 249 366 440 481 
219 8 40 55 143 149 208 218 244 284 296 366 
220 12 27 96 142 246 273 318 323 407 
221 7 83 95 170 207 239 294 415 446 487 
222 105 124 161 382 491 
223 13 17 47 71 105 261 275 383 426 
224 3 5 180 259 289 431 434 496 
225 33 120 157 182 238 278 305 309 349 368 425 476 
226 11 192 422 447 493 
227 87 232 397 490 
228 11 165 217 303 354 402 422 
229 0 22 117 232 236 248 277 410 457 460 462 499 
230 2 13 323 416 
231 18 21 37 111 115 265 279 362 378 427 482 486 
232 40 156 158 193 227 229 277 363 479 483 
233 46 132 140 169 283 385 459 488 
234 299 318 323 364 468 472 481 
235 33 92 127 128 265 346 372 464 
236 40 43 177 229 249 296 307 405 428 429 
237 67 130 293 475 
238 3 147 157 225 433 
239 23 118 200 221 256 312 415 469 498 
240 30 41 88 106 131 153 169 182 278 441 471 476 
241 26 74 155 190 212 274 301 326 418 
242 35 117 124 193 287 361 457 489 
243 5 19 31 85 106 254 310 348 393 400 
244 25 35 45 58 117 219 338 355 412 448 481 
245 35 54 87 109 373 382 383 412 420 428 483 
246 113 143 145 220 273 407 412 432 438 456 497 
247 59 64 317 333 
248 40 50 187 229 366 412 428 457 
249 2 103 117 149 154 208 218 236 318 355 416 448 
250 36 90 150 152 155 202 353 469 498 
251 146 286 326 350 487 
252 145 160 168 191 291 367 422 449 461 
253 38 42 127 130 311 337 388 
254 5 20 85 106 131 137 243 271 310 334 349 393 
255 39 110 118 175 286 350 396 415 487 495 
256 13 107 135 239 280 286 312 392 415 494 
257 8 9 28 39 77 299 
258 28 294 324 392 494 
259 3 5 173 224 289 328 343 467 496 
260 0 56 133 313 457 460 
261 16 17 189 223 266 275 
262 85 89 102 103 137 195 208 283 310 366 385 405 
263 3 65 70 82 132 203 309 379 467 
264 14 26 91 119 186 191 274 291 461 
265 18 21 231 235 279 321 346 372 377 451 
266 71 105 204 261 275 308 383 458 
267 18 49 136 269 492 
268 152 192 298 333 
269 136 148 174 267 278 298 316 329 330 356 367 369 388 430 
270 74 104 183 202 381 421 443 493 498 
271 93 131 208 254 310 460 489 499 
272 6 18 111 115 121 129 182 332 344 356 372 444 463 464 
273 2 12 27 113 135 145 185 195 207 220 246 284 438 498 
274 241 264 450 
275 17 71 158 223 261 266 308 347 412 455 458 465 479 
276 12 84 142 207 312 335 392 424 469 480 498 
277 22 25 35 55 149 177 229 232 318 366 416 429 
278 94 106 137 196 225 240 269 310 348 385 413 429 
279 21 111 129 211 231 265 321 331 378 404 
280 61 256 284 351 352 
281 23 51 100 138 360 439 
282 42 48 92 127 130 333 388 430 488 
283 89 94 99 233 262 323 391 405 
284 219 273 280 448 
285 26 84 304 360 381 443 
286 7 146 151 170 216 251 255 256 294 350 408 439 446 478 494 495 
287 0 193 242 460 462 
288 3 120 496 
289 65 224 259 328 398 467 
290 19 20 63 205 348 379 399 
291 11 78 79 119 160 168 198 252 264 380 
292 8 145 152 183 185 307 353 366 387 437 
293 21 127 237 388 445 486 
294 9 93 221 258 286 466 495 
295 19 133 140 296 379 434 
296 43 62 89 193 219 236 295 366 429 457 
297 66 164 199 352 450 
298 36 148 153 167 187 215 268 269 317 414 
299 8 24 52 107 189 209 234 257 374 375 432 440 468 479 
300 164 212 359 450 
301 139 148 241 317 352 376 492 
302 73 186 304 422 443 
303 79 136 228 333 336 353 367 449 
304 26 51 66 285 302 359 376 443 450 
305 6 147 157 225 414 
306 7 83 90 324 339 384 401 408 454 466 487 
307 2 12 13 113 208 236 292 416 
308 17 35 109 158 266 275 327 338 355 373 383 406 412 458 491 
309 65 120 132 225 263 
310 5 41 132 137 178 208 243 254 262 271 278 393 
311 53 67 78 116 160 213 217 253 315 430 
312 10 61 126 135 142 239 256 276 355 365 392 438 440 
313 56 260 400 410 499 
314 29 78 115 163 315 336 486 
315 60 168 311 314 333 358 430 
316 11 136 269 317 333 357 444 445 492 
317 60 136 247 298 301 316 329 357 409 424 
318 2 131 143 195 220 234 249 277 386 391 416 
319 3 30 63 70 86 328 379 410 413 
320 36 81 330 390 441 442 471 
321 92 111 128 265 279 331 346 372 378 404 451 464 
322 19 62 85 89 133 140 205 434 
323 12 99 102 195 220 230 234 283 386 387 497 
324 39 144 258 306 339 
325 10 27 126 185 326 353 376 
326 7 51 118 189 202 241 251 325 360 376 498 
327 87 308 373 406 419 491 
328 70 98 196 259 289 319 413 
329 41 49 60 64 167 171 269 317 346 356 409 451 
330 36 81 115 129 269 320 356 425 437 471 
331 21 37 115 163 279 321 377 378 451 464 486 
332 6 64 81 153 182 215 272 344 369 372 444 476 488 
333 152 168 192 247 268 282 303 315 316 388 402 445 
334 98 131 132 254 349 433 
335 118 138 276 352 392 396 415 498 
336 127 303 314 427 445 
337 38 130 253 
338 22 35 40 156 172 244 308 345 406 465 
339 108 112 175 200 306 324 408 454 487 495 
340 15 69 76 198 217 
341 24 45 189 455 458 465 
342 27 107 156 351 
343 140 173 259 399 
344 46 64 92 129 153 272 332 414 425 476 
345 338 462 
346 21 29 33 37 235 265 321 329 378 444 474 
347 47 105 204 275 370 371 448 455 
348 1 20 63 70 86 243 278 290 399 
349 30 88 132 214 225 254 334 368 385 414 
350 28 146 151 170 251 255 286 494 
351 13 61 93 135 145 185 280 342 456 472 
352 10 36 59 68 74 142 183 280 297 301 335 407 440 472 
353 32 34 44 75 96 113 139 150 250 292 303 325 376 424 
354 15 69 72 228 
355 102 109 156 244 249 308 312 374 375 472 
356 30 64 81 129 169 269 272 329 330 369 404 470 482 
357 49 136 139 167 206 316 317 453 471 
358 127 163 315 404 
359 74 100 118 166 300 304 380 436 450 461 
360 51 84 108 110 138 151 159 176 201 281 285 326 380 
361 193 242 373 419 
362 21 211 231 404 451 
363 13 87 156 232 374 429 462 
364 45 93 149 189 234 456 468 472 481 
365 32 74 139 312 376 387 407 443 
366 22 35 55 156 195 208 218 219 248 262 277 292 296 391 448 
367 59 163 192 252 269 303 402 445 492 
368 64 98 132 225 349 
369 18 64 79 129 182 215 269 332 356 444 463 464 
370 24 47 204 209 347 420 479 
371 16 189 347 455 
372 18 46 92 115 171 235 265 272 321 332 451 463 488 
373 16 45 87 158 245 308 327 361 406 
374 189 299 355 363 438 
375 8 299 355 440 
376 32 44 61 75 139 152 187 301 304 325 326 353 365 418 
377 21 265 331 451 482 
378 44 111 121 231 279 321 331 346 444 445 
379 63 70 98 114 263 290 295 319 400 477 496 
380 95 123 291 359 360 394 421 450 
381 73 74 270 285 443 450 
382 54 124 222 245 419 
383 47 71 161 223 245 266 308 
384 90 112 216 306 401 408 466 
385 5 41 88 137 153 157 233 262 278 349 413 
386 104 113 148 318 323 437 440 497 
387 26 44 96 185 292 323 365 424 438 498 
388 4 42 127 253 269 282 293 333 430 445 
389 44 126 212 470 492 
390 36 174 184 320 453 
391 22 43 62 85 103 131 140 208 283 318 366 
392 61 176 256 258 276 312 335 439 480 485 
393 41 131 243 254 310 497 
394 66 91 155 159 166 199 380 450 461 
395 77 105 145 485 
396 7 39 108 181 200 207 255 335 415 435 
397 227 406 490 
398 3 65 82 173 289 
399 31 63 114 117 140 169 290 343 348 434 477 
400 140 243 313 379 
401 9 216 306 384 408 439 487 495 
402 127 168 228 333 367 
403 97 101 144 194 423 
404 4 128 163 279 321 356 358 362 486 
405 43 55 103 131 149 177 195 236 262 283 
406 54 124 308 327 338 373 397 419 483 491 
407 12 13 135 142 145 170 185 220 246 352 365 437 
408 39 122 151 286 306 339 384 401 439 466 487 
409 49 60 152 167 317 329 453 492 
410 19 56 62 80 94 229 313 319 429 
411 63 
412 16 17 87 109 149 204 244 245 246 248 275 308 458 
413 5 278 319 328 385 433 474 
414 36 64 120 147 171 214 298 305 344 349 
415 7 83 194 216 221 239 255 256 335 396 446 478 487 
416 2 25 40 137 230 249 277 307 318 437 497 
417 31 114 140 477 
418 11 59 152 165 241 376 422 
419 54 327 361 382 406 462 483 
420 8 245 370 
421 51 270 380 438 
422 11 116 150 165 168 226 228 252 302 418 
423 57 403 
424 32 96 152 206 276 317 353 387 
425 3 30 36 46 60 167 169 225 330 344 459 471 488 
426 8 9 24 109 223 468 
427 18 128 231 336 444 463 
428 40 50 117 143 156 236 245 248 
429 43 103 117 154 177 236 277 278 296 363 410 460 
430 15 79 141 213 269 282 311 315 388 445 
431 70 82 224 467 
432 12 96 102 113 246 299 441 
433 132 214 215 238 334 413 
434 1 5 62 80 106 178 224 295 322 399 
435 28 51 170 396 469 
436 66 90 359 
437 96 134 135 184 195 292 330 386 407 416 
438 27 61 113 135 183 246 273 312 374 387 421 440 
439 100 108 216 281 286 392 401 408 466 487 
440 13 61 126 135 218 299 312 352 375 386 438 443 498 
441 30 99 113 115 148 240 320 432 470 497 
442 32 36 60 104 174 206 320 459 464 
443 51 73 74 270 285 302 304 365 381 440 
444 18 21 37 104 111 182 272 316 332 346 369 378 427 463 488 
445 4 29 130 152 293 316 333 336 367 378 388 430 
446 28 108 110 146 221 286 415 487 
447 11 150 155 165 186 226 493 
448 55 107 109 143 156 244 249 284 347 366 
449 252 303 
450 95 190 191 274 297 300 304 359 380 381 394 461 
451 18 36 37 92 111 265 321 329 331 362 372 377 463 464 
452 65 203 496 
453 136 139 148 167 215 357 390 409 
454 57 122 175 197 216 306 339 
455 16 47 189 209 275 341 347 371 458 465 
456 102 135 142 145 246 351 364 472 
457 55 154 172 229 242 248 260 296 479 489 499 
458 8 266 275 308 341 412 455 
459 46 233 425 442 
460 103 154 229 260 271 287 429 
461 26 91 199 252 264 359 394 450 
462 22 54 229 287 345 363 419 483 
463 6 59 115 121 215 272 369 372 427 444 451 482 486 
464 21 59 60 64 213 235 272 321 331 369 442 451 486 
465 24 52 71 275 338 341 455 
466 9 108 144 294 306 384 408 439 487 
467 3 98 173 259 263 289 431 
468 13 105 189 204 234 299 364 426 
469 74 183 239 250 276 435 498 
470 13 134 184 356 389 441 
471 64 148 196 215 240 320 330 357 425 
472 39 102 135 234 351 352 355 364 456 
473 6 120 157 474 476 
474 64 92 171 346 413 473 476 
475 48 72 76 198 237 
476 46 88 225 240 332 344 473 474 482 
477 70 80 98 379 399 417 
478 7 68 84 90 108 118 123 200 210 286 415 
479 232 275 299 370 457 
480 23 27 135 207 276 392 
481 12 55 158 218 234 244 364 
482 6 18 46 92 121 171 182 231 356 377 463 476 488 
483 35 87 124 158 232 245 406 419 462 491 
484 499 
485 52 77 392 395 
486 37 128 231 293 314 331 404 463 464 
487 9 90 108 112 200 216 221 251 255 306 339 401 408 415 439 446 466 
488 6 49 111 129 233 282 332 372 425 444 482 
489 242 271 457 499 
490 161 227 397 491 
491 71 124 222 308 327 406 483 490 
492 104 136 168 182 267 301 316 367 389 409 
493 164 165 226 270 447 
494 28 146 256 258 286 350 495 
495 197 255 286 294 339 401 494 
496 98 140 180 224 259 288 379 452 
497 55 102 195 246 323 386 393 416 441 
498 27 74 118 183 200 202 239 250 270 273 276 326 335 387 440 469 
499 0 56 133 229 271 313 457 484 489 
