0 10 297 306 362 366 
1 72 134 197 204 335 343 407 422 426 449 473 
2 91 126 263 295 314 370 378 
3 110 138 164 165 209 377 414 
4 14 60 112 121 172 287 343 475 477 
5 43 65 151 215 231 263 314 389 413 
6 106 142 148 216 486 
7 32 46 186 322 441 467 
8 100 172 221 287 384 440 478 480 492 
9 54 79 148 199 221 241 281 440 478 
10 0 70 240 275 
11 56 71 81 118 
12 154 210 227 238 279 399 460 
13 88 135 202 205 223 243 325 342 359 
14 4 42 50 103 283 287 290 299 352 357 367 475 
15 308 351 451 
16 71 189 226 272 346 376 393 
17 27 96 175 205 223 325 427 476 
18 78 163 180 311 338 403 420 436 462 
19 37 120 170 193 232 341 345 377 443 
20 28 75 215 225 255 273 395 426 
21 49 66 104 160 222 235 285 353 407 417 449 
22 208 307 335 487 
23 380 423 
24 81 264 272 322 351 451 479 
25 42 107 166 358 372 458 
26 50 112 199 352 384 475 478 
27 17 96 175 202 205 250 324 325 342 387 435 445 471 
28 20 225 255 284 335 395 
29 98 115 224 227 237 274 279 375 381 383 453 
30 74 90 104 155 235 276 298 333 343 348 390 424 426 438 443 466 
31 76 85 103 154 185 233 246 433 464 484 488 492 
32 7 119 207 242 251 331 455 
33 75 225 256 395 401 421 
34 51 133 228 275 362 366 
35 171 268 399 460 478 484 
36 96 135 171 185 250 342 387 400 445 
37 19 49 53 117 120 152 240 258 302 406 456 481 
38 94 126 147 360 380 449 452 463 
39 217 330 487 494 
40 49 86 99 134 144 165 169 197 214 215 235 332 343 360 361 405 
41 86 116 149 183 349 357 367 432 
42 14 25 60 113 136 169 186 259 364 380 442 458 
43 5 73 231 263 413 487 
44 106 188 198 318 420 498 
45 233 248 359 
46 7 77 82 98 118 167 179 181 242 280 300 312 
47 126 149 183 283 375 
48 231 356 418 
49 21 37 40 62 66 86 93 104 165 298 326 
50 14 26 60 178 287 290 357 409 475 477 
51 34 90 110 133 200 209 
52 86 235 285 320 405 438 
53 37 59 78 87 147 158 236 258 302 489 
54 9 152 240 406 411 481 
55 74 75 97 144 208 214 217 225 256 307 363 365 421 429 482 493 
56 11 107 116 146 178 183 432 442 
57 64 76 88 115 249 250 317 400 484 
58 303 321 455 
59 53 148 158 163 184 265 341 396 406 465 489 
60 4 42 50 121 150 206 293 409 477 
61 113 136 153 298 424 
62 49 86 90 162 165 222 285 465 466 
63 79 148 172 221 229 254 292 345 469 475 480 499 
64 57 146 210 460 
65 5 73 94 365 394 407 413 429 491 
66 21 49 86 105 113 117 165 172 236 404 407 
67 91 94 379 390 
68 251 270 321 371 490 
69 90 110 133 138 192 362 366 
70 10 128 176 182 219 228 328 410 
71 11 16 267 322 337 346 425 479 
72 1 74 125 155 197 204 235 273 326 394 407 413 422 473 493 497 
73 43 65 295 332 356 369 370 
74 30 55 72 155 421 
75 20 33 55 99 160 225 284 361 482 
76 31 57 88 92 129 171 175 185 202 244 249 268 269 324 400 453 
77 46 237 312 423 425 450 
78 18 53 93 169 345 
79 9 63 103 188 199 223 281 469 
80 321 376 
81 11 24 264 346 380 
82 46 98 183 218 312 441 
83 91 94 314 332 452 497 
84 109 119 179 266 303 
85 31 92 171 185 202 223 250 269 279 324 340 387 484 
86 40 41 49 52 62 66 105 222 438 
87 53 120 152 240 459 489 
88 13 57 76 175 244 249 269 387 392 
89 92 115 129 146 210 227 237 291 317 375 381 453 496 
90 30 51 62 69 105 133 162 209 297 301 353 404 459 
91 2 67 83 107 121 308 352 432 452 465 483 
92 76 85 89 223 249 334 464 484 
93 49 78 108 150 158 176 262 330 374 459 
94 38 65 67 83 114 147 153 214 260 369 390 449 452 
95 247 295 365 418 468 
96 17 27 36 135 220 233 250 310 445 471 
97 55 192 230 273 307 395 
98 29 46 82 118 179 237 253 312 376 383 446 
99 40 75 164 235 343 422 426 443 497 
100 8 112 123 246 296 382 384 447 478 
101 147 350 351 415 
102 176 420 481 
103 14 31 79 112 156 220 221 245 283 290 299 381 458 492 
104 21 30 49 113 136 169 236 276 298 364 406 438 449 466 
105 66 86 90 165 232 372 
106 6 44 158 161 198 212 229 304 368 474 
107 25 56 91 173 178 290 347 432 442 463 
108 93 157 358 374 489 492 
109 84 179 207 266 280 331 337 
110 3 51 69 200 297 315 414 
111 123 223 354 457 
112 4 26 100 103 154 156 178 199 212 458 
113 42 61 66 104 150 174 298 333 374 405 
114 94 134 155 332 369 413 
115 29 57 89 210 244 274 381 402 
116 41 56 167 183 334 349 367 432 461 
117 37 66 128 150 170 212 470 
118 11 46 98 253 289 312 337 
119 32 84 207 266 303 371 441 
120 19 37 87 152 187 234 275 419 
121 4 60 91 126 438 442 458 475 477 
122 196 355 
123 100 111 172 243 323 354 359 434 476 480 492 
124 295 322 346 350 444 485 
125 72 134 370 389 390 394 430 
126 2 38 47 121 153 360 452 473 
127 172 216 243 248 292 323 434 457 492 
128 70 117 212 304 327 448 498 
129 76 89 210 268 291 305 317 340 435 453 496 
130 156 166 259 287 347 372 416 431 458 495 
131 137 304 
132 134 139 177 267 295 369 378 483 
133 34 51 69 90 236 240 297 309 419 459 
134 1 40 114 125 132 155 197 204 394 426 473 
135 13 36 96 159 213 250 471 
136 42 61 104 345 374 380 
137 131 143 163 338 416 436 474 
138 3 69 170 200 225 297 301 361 404 
139 132 203 231 257 264 418 451 483 
140 159 392 428 488 
141 144 214 260 364 497 
142 6 145 161 198 229 420 433 469 486 495 499 
143 137 211 252 302 328 
144 40 55 141 153 177 214 370 390 443 497 
145 142 168 176 329 486 
146 56 64 89 279 291 340 484 
147 38 53 94 101 178 203 350 415 
148 6 9 59 63 458 469 478 
149 41 47 423 450 496 
150 60 93 113 117 158 174 232 345 364 
151 5 177 231 413 491 493 
152 37 54 87 120 234 362 411 
153 61 94 126 144 160 264 361 364 378 390 449 452 463 497 
154 12 31 112 156 191 223 299 
155 30 72 74 114 134 197 204 276 335 429 473 493 497 
156 103 112 130 154 172 220 245 299 352 384 488 
157 108 241 358 396 465 
158 53 59 93 106 150 420 495 
159 135 140 428 476 
160 21 75 153 187 239 276 320 326 333 348 377 401 422 452 473 
161 106 142 188 198 368 396 434 
162 62 90 165 209 215 297 320 417 
163 18 59 137 180 211 338 345 436 
164 3 99 204 284 332 333 336 407 426 
165 3 40 49 62 66 105 162 232 285 309 333 353 
166 25 130 169 259 447 
167 46 116 
168 145 188 229 282 329 
169 40 42 78 104 166 174 293 377 422 438 
170 19 117 138 190 200 297 366 412 419 
171 35 36 76 85 202 223 250 325 392 400 464 
172 4 8 63 66 123 127 156 296 299 372 440 478 480 492 
173 107 300 
174 113 150 169 298 333 374 
175 17 27 76 88 185 201 244 325 
176 70 93 102 145 184 265 411 420 454 456 481 489 
177 132 144 151 263 356 413 491 
178 50 56 107 112 147 181 206 293 347 442 
179 46 84 98 109 186 242 266 
180 18 163 194 311 338 436 481 
181 46 178 352 367 425 432 
182 70 187 219 265 327 448 
183 41 47 56 82 116 367 432 442 
184 59 176 229 344 396 410 412 489 
185 31 36 76 85 175 310 400 445 488 
186 7 42 179 195 242 280 337 461 
187 120 160 182 302 313 398 410 481 
188 44 79 161 168 281 469 
189 16 203 267 350 451 468 485 
190 170 297 315 320 
191 154 245 299 477 484 
192 69 97 395 419 
193 19 240 265 302 374 406 481 
194 180 212 462 
195 186 270 289 300 376 479 
196 122 265 355 
197 1 40 72 134 155 203 204 333 493 
198 44 106 142 161 271 318 345 368 416 486 489 495 
199 9 26 79 112 220 221 281 384 440 475 
200 51 110 138 170 306 320 377 459 
201 175 210 381 385 450 
202 13 27 76 85 171 205 244 342 447 464 476 
203 139 147 189 197 257 272 308 346 393 
204 1 72 134 155 164 197 319 443 
205 13 17 27 202 243 250 310 324 342 387 392 445 464 
206 60 178 347 364 
207 32 109 119 242 266 280 337 371 490 
208 22 55 288 330 437 
209 3 51 90 162 240 298 320 326 353 
210 12 64 89 115 129 201 279 291 381 402 450 
211 143 163 328 355 403 462 
212 106 112 117 128 194 304 318 448 474 495 
213 135 359 476 
214 40 55 94 141 144 239 326 351 405 443 449 
215 5 20 40 162 256 320 363 407 494 
216 6 127 271 339 
217 39 55 330 336 472 487 491 
218 82 237 253 274 312 337 397 408 423 
219 70 182 386 391 403 410 
220 96 103 156 199 292 384 488 
221 8 9 63 103 199 259 299 334 384 
222 21 62 86 285 438 472 
223 13 17 79 85 92 111 154 171 233 261 325 382 387 447 488 
224 29 291 316 375 402 
225 20 28 33 55 75 138 230 273 301 319 326 413 459 
226 16 260 272 322 376 415 425 479 
227 12 29 89 274 294 
228 34 70 275 386 391 456 
229 63 106 142 168 184 265 318 
230 97 225 256 319 401 421 
231 5 43 48 139 151 263 356 413 
232 19 105 150 165 438 
233 31 45 96 223 243 292 323 359 428 464 
234 120 152 459 
235 21 30 40 52 72 99 260 276 348 424 438 443 
236 53 66 104 133 377 416 
237 29 77 89 98 218 274 385 
238 12 305 475 
239 160 214 343 348 370 378 390 473 497 
240 10 37 54 87 133 193 209 419 
241 9 157 372 374 458 
242 32 46 179 186 207 266 300 337 467 
243 13 123 127 205 233 324 387 428 
244 76 88 115 175 202 268 299 324 342 399 435 496 
245 103 156 191 334 384 399 
246 31 100 399 433 447 478 480 
247 95 263 336 394 413 418 
248 45 127 261 292 339 
249 57 76 88 92 268 409 
250 27 36 57 85 96 135 171 205 342 354 359 427 445 471 476 488 
251 32 68 337 
252 143 436 
253 98 118 218 274 312 316 383 423 446 
254 63 281 290 372 384 442 495 
255 20 28 273 288 395 437 
256 33 55 215 230 273 277 319 363 437 482 
257 139 203 308 322 350 444 485 
258 37 53 341 454 495 
259 42 130 166 221 262 281 287 357 442 458 
260 94 141 226 235 370 463 
261 223 248 292 339 359 373 
262 93 259 345 374 406 416 465 
263 2 5 43 177 231 247 365 413 472 491 
264 24 81 139 153 314 351 415 
265 59 176 182 193 196 229 412 481 
266 84 109 119 179 207 242 280 331 371 383 
267 71 132 189 451 
268 35 76 129 244 249 269 340 464 484 
269 76 85 88 268 342 381 
270 68 195 331 441 467 490 
271 198 216 278 292 373 
272 16 24 203 226 451 
273 20 72 97 225 255 256 319 407 482 
274 29 115 218 227 237 253 381 450 
275 10 34 120 228 306 
276 30 104 155 160 235 298 333 343 348 390 426 438 443 466 
277 256 
278 271 286 339 387 469 
279 12 29 85 146 210 340 402 492 
280 46 109 186 207 266 303 331 385 490 
281 9 79 188 199 254 259 372 396 
282 168 299 396 420 465 470 498 
283 14 47 103 290 409 431 
284 28 75 164 288 307 319 363 394 
285 21 52 62 165 222 482 
286 278 373 433 499 
287 4 8 14 50 130 259 372 388 440 458 475 
288 208 255 284 330 407 439 472 
289 118 195 
290 14 50 103 107 254 283 352 442 453 477 
291 89 129 146 210 224 317 399 402 453 
292 63 127 220 233 248 261 271 373 457 
293 60 169 178 347 364 424 452 
294 227 381 450 
295 2 73 95 124 132 314 369 468 
296 100 172 299 447 478 480 
297 0 90 110 133 138 162 170 190 306 366 
298 30 49 61 104 113 174 209 276 405 443 466 497 
299 14 103 154 156 172 191 221 244 282 296 461 
300 46 173 195 242 337 383 415 
301 90 138 225 366 419 
302 37 53 143 187 193 362 398 410 
303 58 84 119 280 331 337 371 376 490 
304 106 128 131 212 368 474 486 
305 129 238 342 
306 0 200 275 297 362 
307 22 55 97 284 407 429 487 491 
308 15 91 203 257 346 350 351 393 468 
309 133 165 366 401 417 421 426 
310 96 185 205 342 387 400 445 464 476 
311 18 180 462 
312 46 77 82 98 118 218 253 383 423 432 446 
313 187 328 462 495 
314 2 5 83 264 295 332 378 390 430 473 
315 110 190 362 386 419 
316 224 253 383 385 432 450 
317 57 89 129 291 435 453 
318 44 198 212 229 329 420 465 
319 204 225 230 256 273 284 326 363 401 439 
320 52 160 162 190 200 209 215 326 366 421 
321 58 68 80 371 376 490 
322 7 24 71 124 226 257 350 393 
323 123 127 233 382 428 457 
324 27 76 85 205 243 244 428 471 480 
325 13 17 27 171 175 223 400 
326 49 72 160 209 214 225 319 320 343 348 363 401 426 
327 128 182 391 436 470 474 
328 70 143 211 313 410 462 
329 145 168 318 
330 39 93 208 217 288 
331 32 109 266 270 280 303 441 446 
332 40 73 83 114 164 314 369 370 429 451 
333 30 113 160 164 165 174 197 276 343 361 364 404 417 438 443 
334 92 116 221 245 460 
335 1 22 28 155 394 422 429 482 494 
336 164 217 247 365 389 407 491 
337 71 109 118 186 207 218 242 251 300 303 351 
338 18 137 163 180 398 403 406 462 
339 216 248 261 278 373 499 
340 85 129 146 268 279 399 435 453 460 
341 19 59 258 377 419 454 
342 13 27 36 202 205 244 250 269 305 310 427 445 464 
343 1 4 30 40 99 239 276 326 333 422 426 443 449 494 
344 184 486 
345 19 63 78 136 150 163 198 262 372 388 396 416 470 495 
346 16 71 81 124 203 308 350 393 444 
347 107 130 178 206 293 352 380 384 432 442 461 
348 30 160 235 239 276 326 353 361 422 
349 41 116 380 397 452 463 477 
350 101 124 147 189 257 308 322 346 479 485 
351 15 24 101 214 264 308 337 379 393 415 430 
352 14 26 91 156 181 290 347 357 375 
353 21 90 165 209 348 466 
354 111 123 250 488 
355 122 196 211 
356 48 73 177 231 390 413 418 
357 14 41 50 259 352 399 409 431 432 460 461 
358 25 108 157 374 465 
359 13 45 123 213 233 250 261 382 428 434 457 
360 38 40 126 372 390 426 
361 40 75 138 153 333 348 390 417 424 497 
362 0 34 69 152 302 306 315 386 436 
363 55 215 256 284 319 326 421 
364 42 104 141 150 153 206 293 333 424 
365 55 65 95 263 336 390 
366 0 34 69 170 297 301 309 320 419 
367 14 41 116 181 183 
368 106 161 198 304 396 416 
369 73 94 114 132 295 332 413 483 
370 2 73 125 144 239 260 332 378 401 424 473 497 
371 68 119 207 266 303 321 441 446 
372 25 105 130 172 241 254 281 287 345 360 416 458 486 495 
373 261 271 286 292 339 434 499 
374 93 108 113 136 174 193 241 262 358 
375 29 47 89 224 352 
376 16 80 98 195 226 303 321 423 455 
377 3 19 160 169 200 236 341 404 
378 2 132 153 239 314 370 394 422 497 
379 67 351 415 
380 23 38 42 81 136 347 349 446 449 451 452 463 
381 29 89 103 115 201 210 269 274 294 402 423 
382 100 223 323 359 428 
383 29 98 253 266 300 312 316 423 
384 8 26 100 156 199 220 221 245 254 347 475 477 492 
385 201 237 280 316 397 
386 219 228 315 362 
387 27 36 85 88 205 223 243 278 310 392 400 447 471 
388 287 345 458 470 
389 5 125 336 429 
390 30 67 94 125 144 153 239 276 314 356 360 361 365 458 466 497 
391 219 228 327 398 403 
392 88 140 171 205 387 445 471 
393 16 203 308 322 346 351 483 
394 65 72 125 134 247 284 335 378 407 429 
395 20 28 33 97 192 255 429 437 494 
396 59 157 161 184 281 282 345 368 411 416 465 495 
397 218 349 385 442 
398 187 302 338 391 410 411 454 456 
399 12 35 244 245 246 291 340 357 460 
400 36 57 76 171 185 310 325 387 427 464 
401 33 160 230 309 319 326 370 421 422 482 
402 115 210 224 279 291 381 
403 18 211 219 338 391 412 436 448 454 
404 66 90 138 333 377 419 
405 40 52 113 214 298 
406 37 54 59 104 193 262 338 411 
407 1 21 65 66 72 164 215 273 288 307 336 394 439 491 494 
408 218 
409 50 60 249 283 357 431 433 478 
410 70 184 187 219 302 328 398 
411 54 152 176 396 398 406 481 
412 170 184 265 403 448 470 498 
413 5 43 65 72 114 151 177 225 231 247 263 356 369 418 429 473 
414 3 110 
415 101 147 226 264 300 351 379 430 451 
416 130 137 198 236 262 345 368 372 396 470 
417 21 162 309 333 361 426 443 
418 48 95 139 247 356 413 439 
419 120 133 170 192 240 301 315 341 366 404 459 
420 18 44 102 142 158 176 282 318 489 
421 33 55 74 230 309 320 363 401 487 
422 1 72 99 160 169 335 343 348 378 401 426 439 459 
423 23 77 149 218 253 312 376 381 383 
424 30 61 235 293 361 364 370 438 466 
425 71 77 181 226 467 
426 1 20 30 99 134 164 276 309 326 343 360 417 422 443 491 494 
427 17 250 342 400 464 
428 140 159 233 243 323 324 359 382 434 469 
429 55 65 155 307 332 335 389 394 395 413 437 487 
430 125 314 351 415 451 
431 130 283 357 409 477 
432 41 56 91 107 116 181 183 312 316 347 357 
433 31 142 246 286 409 469 
434 123 127 161 359 373 428 457 478 
435 27 129 244 317 340 
436 18 137 163 180 252 327 362 403 498 
437 208 255 256 395 429 439 472 491 
438 30 52 86 104 121 169 222 232 235 276 333 424 
439 288 319 407 418 422 437 472 494 
440 8 9 172 199 287 478 
441 7 82 119 270 331 371 
442 42 56 107 121 178 183 254 259 290 347 397 461 
443 19 30 99 144 204 214 235 276 298 333 343 417 426 
444 124 257 346 468 
445 27 36 96 185 205 250 310 342 392 464 471 476 488 
446 98 253 312 331 371 380 
447 100 166 202 223 246 296 387 457 480 
448 128 182 212 403 412 
449 1 21 38 94 104 153 214 343 380 
450 77 149 201 210 274 294 316 
451 15 24 139 189 267 272 332 380 415 430 483 
452 38 83 91 94 126 153 160 293 349 380 463 497 
453 29 76 89 129 290 291 317 340 
454 176 258 341 398 403 481 
455 32 58 376 485 490 
456 37 176 228 398 
457 111 127 292 323 359 434 447 
458 25 42 103 112 121 130 148 241 259 287 372 388 390 
459 87 90 93 133 200 225 234 419 422 
460 12 35 64 334 340 357 399 475 488 
461 116 186 299 347 357 442 
462 18 194 211 311 313 328 338 
463 38 107 153 260 349 380 452 466 
464 31 92 171 202 205 233 268 310 342 400 427 445 
465 59 62 91 157 262 282 318 358 396 470 
466 30 62 104 276 298 353 390 424 463 497 
467 7 242 270 425 490 
468 95 189 295 308 444 485 
469 63 79 142 148 188 278 428 433 
470 117 282 327 345 388 412 416 465 486 489 
471 27 96 135 250 324 387 392 445 
472 217 222 263 288 437 439 
473 1 72 126 134 155 160 239 314 370 413 493 
474 106 137 212 304 327 481 
475 4 14 26 50 63 121 199 238 287 384 460 477 
476 17 123 159 202 213 250 310 445 
477 4 50 60 121 191 290 349 384 431 475 
478 8 9 26 35 100 148 172 246 296 409 434 440 499 
479 24 71 195 226 350 
480 8 63 123 172 246 296 324 447 488 
481 37 54 102 176 180 187 193 265 411 454 474 486 
482 55 75 256 273 285 335 401 494 
483 91 132 139 369 393 451 
484 31 35 57 85 92 146 191 268 
485 124 189 257 350 455 468 
486 6 142 145 198 304 344 372 470 481 495 
487 22 39 43 217 307 421 429 
488 31 140 156 185 220 223 250 354 445 460 480 
489 53 59 87 108 176 184 198 420 470 
490 68 207 270 280 303 321 455 467 
491 65 151 177 217 263 307 336 407 426 437 
492 8 31 103 108 123 127 172 279 384 
493 55 72 151 155 197 473 
494 39 215 335 343 395 407 426 439 482 
495 130 142 158 198 212 254 258 313 345 372 396 486 
496 89 129 149 244 
497 72 83 99 141 144 153 155 239 298 361 370 378 390 452 466 
498 44 128 282 412 436 
499 63 142 286 339 373 478 
