0 162 258 291 301 305 336 412 422 435 482 
1 68 95 139 154 158 247 342 381 437 
2 34 43 212 377 429 442 463 492 
3 14 60 84 86 95 190 409 450 
4 38 49 78 375 397 419 462 488 
5 28 215 231 275 305 321 364 410 433 
6 14 73 83 144 153 186 322 330 377 425 
7 18 22 71 89 179 255 434 
8 48 161 194 291 305 352 378 423 465 485 
9 16 55 69 137 146 150 182 443 
10 20 60 138 267 269 299 349 386 411 484 
11 14 145 167 210 225 232 276 374 375 404 431 499 
12 43 170 246 357 450 495 
13 20 65 121 156 163 169 233 324 386 474 484 
14 3 6 11 60 68 81 164 167 232 244 246 324 328 344 375 
15 43 107 108 123 127 212 253 348 417 419 429 453 463 495 
16 9 77 87 97 137 202 280 284 345 350 402 
17 37 52 57 166 183 223 240 262 282 337 408 420 475 480 
18 7 59 89 149 157 189 362 367 
19 33 61 86 191 297 343 
20 10 13 40 93 330 386 484 
21 32 187 303 351 
22 7 71 110 132 172 195 197 215 300 321 349 498 
23 24 61 95 156 165 175 325 343 351 
24 23 46 83 121 329 341 373 389 413 450 484 494 
25 122 133 217 223 227 251 262 277 383 399 487 
26 107 216 224 253 363 390 417 419 429 463 488 497 
27 58 63 143 234 245 274 443 460 
28 5 102 257 354 364 433 438 
29 119 126 177 206 244 286 431 448 499 
30 103 138 221 240 265 385 420 
31 66 149 201 338 430 434 489 
32 21 67 118 183 187 191 209 223 262 282 343 409 473 
33 19 86 191 294 297 322 450 
34 2 53 99 126 212 225 268 323 377 495 499 
35 66 132 189 271 307 359 372 415 430 489 
36 111 153 164 210 297 324 375 
37 17 115 183 262 273 322 337 398 408 420 447 475 
38 4 212 306 371 390 417 429 463 488 497 
39 81 160 193 219 331 393 405 411 426 
40 20 46 93 105 168 330 484 
41 68 84 141 
42 63 101 237 255 292 326 394 428 
43 2 12 15 199 212 348 377 429 442 
44 72 248 323 392 419 
45 65 116 156 191 312 374 406 481 
46 24 40 144 386 389 405 
47 81 119 167 269 285 331 370 405 411 426 494 
48 8 90 283 296 300 336 382 426 441 452 496 
49 4 306 355 363 397 419 453 497 
50 71 316 359 416 
51 76 101 140 201 228 295 319 345 380 439 
52 17 67 166 173 187 343 351 387 398 447 
53 34 206 212 224 225 246 293 344 357 413 424 451 499 
54 60 65 223 251 308 333 339 358 388 466 
55 9 101 233 307 368 372 391 
56 317 394 428 
57 17 96 273 351 420 475 486 
58 27 76 140 143 252 292 295 317 380 394 430 
59 18 71 157 235 292 367 479 489 
60 3 10 14 54 84 95 119 186 322 450 
61 19 23 176 303 308 406 450 466 
62 129 194 256 278 301 327 352 369 431 483 485 
63 27 42 214 317 460 470 
64 178 217 221 265 277 379 
65 13 45 54 88 93 178 260 303 308 333 351 406 481 
66 31 35 143 359 362 430 454 
67 32 52 138 176 211 343 386 400 409 454 467 
68 1 14 41 139 260 270 395 458 
69 9 97 137 150 178 182 192 315 480 
70 77 97 121 166 209 280 338 343 350 415 454 
71 7 22 50 59 179 214 438 479 
72 44 127 229 371 397 432 462 463 
73 6 83 164 293 322 330 341 386 405 484 494 
74 154 213 320 361 366 
75 95 141 154 260 366 381 458 
76 51 58 428 
77 16 70 173 222 233 264 280 284 288 402 449 
78 4 84 170 377 442 492 497 
79 81 93 160 164 246 405 411 425 
80 151 200 227 379 399 407 418 464 469 
81 14 39 47 79 119 160 164 167 177 225 324 370 
82 229 268 355 363 488 497 
83 6 24 73 84 144 225 357 406 494 
84 3 41 60 78 83 95 186 225 395 400 413 
85 159 193 283 286 301 401 440 446 496 
86 3 19 33 88 95 113 141 191 294 357 358 406 
87 16 130 173 183 209 222 239 264 280 284 288 318 338 439 449 473 
88 65 86 117 135 184 251 259 272 294 298 342 361 406 456 
89 7 18 326 332 421 460 
90 48 92 195 197 205 241 289 296 300 336 496 
91 142 164 181 206 207 278 425 431 451 471 472 
92 90 94 147 219 220 496 
93 20 40 65 79 128 131 168 474 484 494 
94 92 132 148 159 215 286 296 300 336 416 436 
95 1 3 23 60 75 84 86 141 191 260 270 358 
96 57 118 223 236 240 249 282 447 486 
97 16 69 70 100 202 218 302 318 385 467 475 480 
98 187 240 487 
99 34 107 126 129 206 225 309 323 344 404 462 
100 97 444 475 
101 42 51 55 150 182 192 295 368 372 449 
102 28 162 364 
103 30 178 315 337 
104 117 122 174 184 308 356 398 407 461 
105 40 177 193 205 219 286 296 336 384 426 
106 206 293 432 471 
107 15 26 99 212 371 417 419 442 453 463 492 
108 15 123 290 306 377 429 442 
109 150 201 443 449 
110 22 171 
111 36 119 127 129 206 244 375 425 431 471 
112 161 256 305 369 483 
113 86 247 266 298 333 356 366 381 395 456 458 
114 253 348 355 419 429 462 
115 37 117 120 176 388 447 456 461 466 
116 45 153 232 330 405 484 494 
117 88 104 115 333 356 388 398 456 
118 32 96 249 337 385 420 486 487 
119 29 47 60 81 111 126 164 188 232 276 324 327 370 436 495 
120 115 133 152 261 282 310 383 398 399 418 461 
121 13 24 70 165 430 484 
122 25 104 174 184 227 259 272 339 361 445 456 461 490 
123 15 108 199 453 492 495 
124 131 195 243 296 367 376 416 430 
125 200 203 227 346 399 407 445 
126 29 34 99 119 207 246 263 344 429 471 472 499 
127 15 72 111 207 216 224 225 229 238 309 417 429 495 
128 93 163 214 484 
129 62 99 111 181 206 293 472 499 
130 87 173 178 202 222 284 302 402 480 
131 93 124 168 188 196 243 430 476 484 
132 22 35 94 136 148 172 189 219 235 332 349 367 376 479 
133 25 120 151 240 333 383 461 
134 165 166 169 299 454 
135 88 154 208 311 347 361 437 
136 132 172 283 304 349 359 421 498 
137 9 16 69 150 222 302 307 338 439 444 475 
138 10 30 67 273 288 343 345 408 427 454 
139 1 68 259 381 437 
140 51 58 155 230 252 319 334 394 396 428 443 470 479 
141 41 75 86 95 199 260 395 
142 91 181 244 375 446 455 471 478 
143 27 58 66 214 245 274 317 460 
144 6 46 83 199 341 389 
145 11 378 411 448 
146 9 173 218 368 391 444 480 
147 92 185 
148 94 132 321 376 401 421 436 496 
149 18 31 189 222 243 254 271 299 367 376 476 498 
150 9 69 101 109 137 173 233 372 
151 80 133 242 407 418 464 
152 120 277 279 310 379 464 
153 6 36 116 164 186 199 248 357 471 481 
154 1 74 75 135 158 270 366 381 437 
155 140 237 252 295 340 470 
156 13 23 45 187 400 409 459 494 
157 18 59 171 172 214 235 255 326 489 
158 1 154 298 371 437 491 
159 85 94 198 258 300 301 435 
160 39 79 81 167 197 267 269 324 401 411 426 436 
161 8 112 360 369 411 446 465 477 483 496 
162 0 102 198 275 364 410 412 435 441 482 
163 13 128 165 222 299 343 454 484 
164 14 36 73 79 81 91 119 153 285 309 330 426 472 
165 23 121 134 163 299 318 343 387 400 420 
166 17 52 70 134 169 179 187 209 211 252 314 318 343 447 486 
167 11 14 47 81 160 210 276 424 
168 40 93 131 362 476 
169 13 134 166 288 386 409 427 467 473 
170 12 78 229 246 253 357 377 
171 110 157 172 349 362 498 
172 22 132 136 157 171 192 304 319 321 349 376 489 498 
173 52 77 87 130 146 150 230 284 338 449 473 
174 104 122 217 227 272 311 335 339 342 365 398 403 414 445 456 461 490 
175 23 187 299 365 406 409 481 
176 61 67 115 200 298 303 308 447 458 
177 29 81 105 276 425 426 
178 64 65 69 103 130 315 467 475 480 
179 7 71 166 201 222 245 267 430 434 
180 220 275 
181 91 129 142 194 206 278 352 451 478 
182 9 69 101 192 218 307 372 385 468 
183 17 32 37 87 265 280 302 318 454 467 475 
184 88 104 122 200 203 339 342 398 403 
185 147 275 354 364 410 
186 6 60 84 153 358 413 450 
187 21 32 52 98 156 166 175 281 387 
188 119 131 196 243 367 476 484 
189 18 35 132 149 271 340 362 
190 3 260 270 311 381 395 
191 19 32 33 45 86 95 208 247 297 398 
192 69 101 172 182 307 
193 39 85 105 205 291 296 384 411 426 446 448 
194 8 62 181 198 352 360 446 451 465 483 
195 22 90 124 243 286 300 401 405 440 452 474 493 
196 131 188 267 269 281 457 
197 22 90 160 359 376 401 416 476 496 
198 159 162 194 289 378 423 436 476 477 482 
199 43 123 141 144 153 232 413 424 462 
200 80 125 176 184 213 217 320 388 398 
201 31 51 109 179 252 292 295 439 443 
202 16 97 130 218 233 280 338 345 402 
203 125 184 213 342 365 403 445 
204 275 313 
205 90 105 193 378 448 457 
206 29 53 91 99 106 111 129 181 207 278 448 455 
207 91 126 127 206 225 248 309 331 344 499 
208 135 191 294 406 
209 32 70 87 166 273 280 350 449 
210 11 36 167 224 232 404 
211 67 166 223 456 466 
212 2 15 34 38 43 53 107 323 377 488 492 
213 74 200 203 227 259 365 403 461 
214 63 71 128 143 157 230 254 274 326 362 434 
215 5 22 94 220 364 382 384 435 441 
216 26 127 229 238 248 268 323 363 462 463 497 
217 25 64 174 200 282 310 346 383 398 456 
218 97 146 182 202 302 345 368 372 439 480 
219 39 92 105 132 220 241 296 300 336 416 441 446 
220 92 180 215 219 364 433 438 441 
221 30 64 277 379 399 487 
222 77 87 130 137 149 163 179 264 280 284 318 415 427 449 
223 17 25 32 54 96 211 227 447 
224 26 53 127 210 238 248 429 
225 11 34 53 81 83 84 99 127 207 248 276 323 377 424 499 
226 272 298 333 339 361 373 445 450 456 
227 25 80 122 125 174 213 223 236 339 342 361 365 398 403 445 461 
228 51 252 274 317 380 428 443 
229 72 82 127 170 216 309 462 488 497 
230 140 173 214 271 380 443 
231 5 258 283 296 301 376 401 
232 11 14 116 119 199 210 293 375 
233 13 55 77 150 202 415 
234 27 274 415 434 
235 59 132 157 362 479 
236 96 227 279 282 314 387 447 486 487 
237 42 155 319 468 
238 127 216 224 268 
239 87 267 299 
240 17 30 96 98 133 249 265 282 314 475 
241 90 219 283 296 336 349 376 384 436 448 
242 151 398 418 464 
243 124 131 149 188 195 362 
244 14 29 111 142 425 431 432 451 472 
245 27 143 179 252 434 439 
246 12 14 53 79 126 170 328 344 392 404 424 471 492 499 
247 1 113 191 259 266 361 373 403 
248 44 153 207 216 224 225 417 472 495 497 
249 96 118 240 282 420 486 487 
250 340 394 468 
251 25 54 88 333 335 339 466 
252 58 140 155 166 201 228 245 317 319 359 443 470 
253 15 26 114 170 348 357 377 417 442 453 463 
254 149 214 332 362 367 479 
255 7 42 157 295 307 460 489 
256 62 112 425 451 465 483 
257 28 289 305 410 423 
258 0 159 231 378 410 435 482 
259 88 122 139 213 247 272 339 365 379 403 490 
260 65 68 75 95 141 190 262 270 353 458 
261 120 279 346 398 418 464 
262 17 25 32 37 260 273 277 282 408 420 447 487 
263 126 357 377 442 472 492 
264 77 87 222 271 281 338 430 449 475 
265 30 64 183 240 420 
266 113 247 320 356 366 373 414 
267 10 160 179 196 239 401 484 
268 34 82 216 238 290 363 371 377 419 462 488 495 
269 10 47 160 196 331 411 426 
270 68 95 154 190 260 347 353 458 
271 35 149 189 230 264 284 296 430 
272 88 122 174 226 259 311 365 456 
273 37 57 138 209 262 408 420 447 473 
274 27 143 214 228 234 292 334 396 470 
275 5 162 180 185 204 354 
276 11 119 167 177 225 285 328 370 374 375 
277 25 64 152 221 262 388 399 486 
278 62 91 181 206 301 451 472 
279 152 236 261 356 467 
280 16 70 77 87 183 202 209 222 284 334 400 427 439 
281 187 196 264 318 386 387 473 
282 17 32 96 120 217 236 240 249 262 312 337 351 420 475 487 
283 48 85 136 231 241 300 336 349 376 384 412 423 496 
284 16 77 87 130 173 222 271 280 334 338 
285 47 164 276 331 344 411 493 
286 29 85 94 105 195 455 
287 293 352 451 483 
288 77 87 138 169 343 427 454 481 
289 90 198 257 301 
290 108 268 348 419 463 492 497 
291 0 8 193 313 410 423 435 
292 42 58 59 201 274 326 396 470 
293 53 73 106 129 232 287 392 471 
294 33 86 88 208 297 303 311 347 366 373 413 
295 51 58 101 155 201 255 319 334 415 439 443 470 
296 48 90 94 105 124 193 219 231 241 271 305 316 349 376 401 416 457 
297 19 33 36 191 294 373 395 450 481 
298 88 113 158 176 226 311 356 361 365 409 414 
299 10 134 149 163 165 175 239 325 400 
300 22 48 90 94 159 195 219 283 331 336 382 436 440 476 496 
301 0 62 85 159 231 278 289 336 378 455 
302 97 130 137 183 218 315 467 480 
303 21 61 65 176 294 351 406 409 
304 136 172 498 
305 0 5 8 112 257 296 364 378 435 
306 38 49 108 390 
307 35 55 137 182 192 255 317 468 
308 54 61 65 104 176 365 458 466 
309 99 127 164 207 229 323 374 
310 120 152 217 379 
311 135 174 190 272 294 298 320 373 490 
312 45 282 333 351 408 420 
313 204 291 364 422 
314 166 236 240 388 
315 69 103 178 302 475 
316 50 296 359 376 
317 56 58 63 143 228 252 307 319 334 428 434 439 
318 87 97 165 166 183 222 281 380 408 427 430 454 
319 51 140 172 237 252 295 317 
320 74 200 266 311 347 358 445 
321 5 22 148 172 349 359 496 498 
322 6 33 37 60 73 329 474 
323 34 44 99 212 216 225 309 462 472 
324 13 14 36 81 119 160 331 370 493 
325 23 299 351 406 409 484 
326 42 89 157 214 292 
327 62 119 352 360 
328 14 246 276 374 425 478 493 
329 24 322 330 386 405 459 474 
330 6 20 40 73 116 164 329 405 474 494 
331 39 47 207 269 285 300 324 350 411 494 
332 89 132 254 
333 54 65 113 117 133 226 251 312 335 388 398 456 
334 140 274 280 284 295 317 430 439 468 470 
335 174 251 333 339 387 398 445 
336 0 48 90 94 105 219 241 283 300 301 376 416 
337 17 37 103 118 282 343 398 408 473 475 486 
338 31 70 87 137 173 202 264 284 427 454 
339 54 122 174 184 226 227 251 259 335 356 361 383 445 
340 155 189 250 372 468 
341 24 73 144 389 459 494 
342 1 88 174 184 203 227 403 
343 19 23 32 52 67 70 138 163 165 166 288 337 351 
344 14 53 99 126 207 246 285 363 374 378 404 459 472 499 
345 16 51 138 202 218 444 475 
346 125 217 261 383 398 407 418 461 
347 135 270 294 320 353 366 381 437 458 
348 15 43 114 253 290 419 442 472 492 
349 10 22 132 136 171 172 241 283 296 321 376 438 496 498 
350 16 70 209 331 386 402 
351 21 23 52 57 65 282 303 312 325 343 486 
352 8 62 181 194 287 327 360 369 483 485 
353 260 270 347 366 381 414 437 458 
354 28 185 275 412 
355 49 82 114 397 
356 104 113 117 266 279 298 339 361 
357 12 53 83 86 153 170 253 263 495 
358 54 86 95 186 320 373 437 
359 35 50 66 136 197 252 316 321 367 476 
360 161 194 327 352 431 446 465 483 485 
361 74 88 122 135 226 227 247 298 339 356 381 456 490 
362 18 66 168 171 189 214 235 243 254 380 479 
363 26 49 82 216 268 344 397 417 419 429 462 488 
364 5 28 102 162 185 215 220 305 313 416 423 441 
365 174 175 203 213 227 259 272 298 308 395 445 456 
366 74 75 113 154 266 294 347 353 381 414 437 458 491 
367 18 59 124 132 149 188 254 359 479 496 
368 55 101 146 218 391 400 
369 62 112 161 352 485 
370 47 81 119 276 324 374 493 
371 38 72 107 158 268 419 429 463 
372 35 55 101 150 182 218 340 415 444 449 470 
373 24 226 247 266 294 297 311 358 395 407 
374 11 45 276 309 328 344 370 392 
375 4 11 14 36 111 142 232 276 389 404 424 431 463 471 
376 124 132 148 149 172 197 231 241 283 296 316 336 349 401 416 448 
377 2 6 34 43 78 108 170 212 225 253 263 268 442 453 
378 8 145 198 205 258 301 305 344 393 436 455 485 
379 64 80 152 221 259 310 399 464 
380 51 58 228 230 318 362 470 
381 1 75 113 139 154 190 347 353 361 366 395 414 458 
382 48 215 300 
383 25 120 133 217 339 346 398 403 407 418 461 464 
384 105 193 215 241 283 438 496 
385 30 97 118 182 400 
386 10 13 20 46 67 73 169 281 329 350 389 459 474 484 
387 52 165 187 236 281 335 406 409 420 447 474 
388 54 115 117 200 277 314 333 399 447 
389 24 46 144 341 375 386 413 
390 26 38 306 
391 55 146 368 402 427 
392 44 246 293 374 472 483 499 
393 39 378 
394 42 56 58 140 250 428 460 470 
395 68 84 113 141 190 297 365 373 381 458 
396 140 274 292 460 
397 4 49 72 355 363 
398 37 52 104 117 120 174 184 191 200 217 227 242 261 333 335 337 346 383 456 461 490 
399 25 80 120 125 221 277 379 388 418 
400 67 84 156 165 280 299 368 385 409 427 454 
401 85 148 160 195 197 231 267 296 376 416 457 
402 16 77 130 202 350 391 
403 174 184 203 213 227 247 259 342 383 466 
404 11 99 210 246 344 375 471 472 499 
405 39 46 47 73 79 116 195 329 330 493 494 
406 45 61 65 83 86 88 175 208 303 325 387 409 481 
407 80 104 125 151 346 373 383 445 
408 17 37 138 262 273 312 318 337 420 447 467 486 487 
409 3 32 67 156 169 175 298 303 325 387 400 406 
410 5 162 185 257 258 291 
411 10 39 47 79 145 160 161 193 269 285 331 426 448 476 
412 0 162 283 354 477 482 
413 24 53 84 186 199 294 389 495 
414 174 266 298 353 366 381 
415 35 70 222 233 234 295 372 
416 50 94 124 197 219 296 336 364 376 401 489 498 
417 15 26 38 107 127 248 253 363 429 491 
418 80 120 151 242 261 346 383 399 
419 4 15 26 44 49 107 114 268 290 348 363 371 462 497 
420 17 30 37 57 118 165 249 262 265 273 282 312 387 408 
421 89 136 148 436 
422 0 313 
423 8 198 257 283 291 364 440 446 482 
424 53 167 199 225 246 375 
425 6 79 91 111 177 244 256 328 471 
426 39 47 48 105 160 164 177 193 269 411 448 493 
427 138 169 222 280 288 318 338 391 400 
428 42 56 76 140 228 317 394 
429 2 15 26 38 43 108 114 126 127 224 363 371 417 
430 31 35 58 66 121 124 131 179 264 271 318 334 
431 11 29 62 91 111 244 360 375 478 
432 72 106 244 451 478 
433 5 28 220 440 
434 7 31 179 214 234 245 317 460 
435 0 159 162 215 258 291 305 
436 94 119 148 160 198 241 300 378 421 440 
437 1 135 139 154 158 347 353 358 366 
438 28 71 220 349 384 
439 51 87 137 201 218 245 280 295 317 334 470 
440 85 195 300 423 433 436 
441 48 162 215 219 220 364 455 
442 2 43 78 107 108 253 263 348 377 
443 9 27 109 140 201 228 230 252 295 470 
444 100 137 146 345 372 468 480 
445 122 125 174 203 226 227 320 335 339 365 407 490 
446 85 142 161 193 194 219 360 423 
447 37 52 96 115 166 176 223 236 262 273 387 388 408 487 
448 29 145 193 205 206 241 376 411 426 
449 77 87 101 109 173 209 222 264 372 475 
450 3 12 24 33 60 61 186 226 297 
451 53 91 181 194 244 256 278 287 432 
452 48 195 457 
453 15 49 107 123 253 377 492 495 
454 66 67 70 134 138 163 183 288 318 338 400 484 
455 142 206 286 301 378 441 493 
456 88 113 115 117 122 174 211 217 226 272 333 361 365 398 490 
457 196 205 296 401 452 476 
458 68 75 113 176 260 270 308 347 353 366 381 395 
459 156 329 341 344 386 481 
460 27 63 89 143 255 394 396 434 
461 104 115 120 122 133 174 213 227 346 383 398 469 
462 4 72 99 114 199 216 229 268 323 363 419 488 
463 2 15 26 38 72 107 216 253 290 371 375 
464 80 151 152 242 261 379 383 
465 8 161 194 256 360 483 485 493 
466 54 61 115 211 251 308 403 
467 67 97 169 178 183 279 302 408 486 
468 182 237 250 307 334 340 444 
469 80 461 
470 63 140 155 252 274 292 295 334 372 380 394 439 443 
471 91 106 111 126 142 153 246 293 375 404 425 472 
472 91 126 129 164 244 248 263 278 323 344 348 392 404 471 
473 32 87 169 173 273 281 337 
474 13 93 195 322 329 330 386 387 494 
475 17 37 57 97 100 137 178 183 240 264 282 315 337 345 449 
476 131 149 168 188 197 198 300 359 411 457 
477 161 198 412 
478 142 181 328 431 432 483 
479 59 71 132 140 235 254 362 367 
480 17 69 97 130 146 178 218 302 444 
481 45 65 153 175 288 297 406 459 
482 0 162 198 258 412 423 
483 62 112 161 194 256 287 352 360 392 465 478 499 
484 10 13 20 24 40 73 93 116 121 128 131 163 188 267 325 386 454 494 
485 8 62 352 360 369 378 465 
486 57 96 118 166 236 249 277 337 351 408 467 
487 25 98 118 221 236 249 262 282 408 447 
488 4 26 38 82 212 229 268 363 462 
489 31 35 59 157 172 255 416 
490 122 174 259 311 361 398 445 456 
491 158 366 417 495 
492 2 78 107 123 212 246 263 290 348 453 495 
493 195 285 324 328 370 405 426 455 465 
494 24 47 73 83 93 116 156 330 331 341 405 474 484 
495 12 15 34 119 123 127 248 268 357 413 453 491 492 
496 48 85 90 92 148 161 197 283 300 321 349 367 384 
497 26 38 49 78 82 216 229 248 290 419 
498 22 136 149 171 172 304 321 349 416 
499 11 29 34 53 126 129 207 225 246 344 392 404 483 
