0 1 2 3 4 161 168 496 498 499
1 0 2 3 4 5 497 498 499
2 0 1 3 4 5 6 498 499
3 0 1 2 4 5 6 178 336 499
4 0 1 2 3 6 7 8 136 175
5 1 2 3 8 9 270 436
6 2 3 4 7 8 9 10 329
7 4 6 8 9 10 11 355
8 4 5 6 7 9 10 11 120 459
9 5 6 7 8 10 12 13 131 297 328
10 6 7 8 9 11 12 13 438
11 7 8 10 12 14 15 107 258 261 387
12 9 10 11 13 14 15 16 423
13 9 10 12 14 15 16 17 319
14 11 12 13 17 49 218 306
15 11 12 13 16 17 19 244 472
16 12 13 15 17 19 20 187 481
17 13 14 15 16 18 19 21 129
18 17 19 22 284 294 448
19 15 16 17 18 20 21 22 23 175 235
20 16 19 22 23 280 348
21 17 19 22 24 120 229 278 332 403
22 18 19 20 21 23 24 25 26 471
23 19 20 22 24 25 27 98
24 21 22 23 25 26 27 28 38
25 22 23 24 26 27 233
26 22 24 25 27 29 30 36 280
27 23 24 25 26 28 29 30 31 215
28 24 27 30 31 85 237 315 393 425
29 26 27 30 31 33 116 246 259
30 26 27 28 29 31 32 33 34
31 27 28 29 30 32 33 34 35
32 30 31 33 34 35 36
33 29 30 31 32 34 35 36 37
34 30 31 32 33 35 36 37 389
35 31 32 33 34 36 37 39 418
36 26 32 33 34 35 38 39 40
37 33 34 35 39 40 41 349
38 24 36 39 40 42 163 247 356
39 35 36 37 38 40 41 43 131
40 36 37 38 39 41 42 43 44 384
41 37 39 40 42 43 44 45 184
42 38 40 41 43 44 46 151 216
43 39 40 41 42 44 45 46 80
44 40 41 42 43 45 46 47 48 464
45 41 43 44 47 48 49 136
46 42 43 44 48 50 178
47 44 45 48 49 50 51 288
48 44 45 46 47 49 50 51 52
49 14 45 47 48 50 51 52 77 238
50 46 47 48 49 51 52 53 54
51 47 48 49 50 53 54 169 433
52 48 49 50 53 54 55 87 427
53 50 51 52 54 55 56 57
54 50 51 52 53 55 56 58 346
55 52 53 54 56 57 58 59 267 365 497
56 53 54 55 57 58 59 60 158
57 53 55 56 58 59 60 61 370
58 54 55 56 57 59 60 61
59 55 56 57 58 60 62 63
60 56 57 58 59 61 62 63 64 441
61 57 58 60 62 63 64 65 409 485
62 59 60 61 63 64 65 66 161
63 59 60 61 62 64 65 66 67 385
64 60 61 62 63 65 67 189 229
65 61 62 63 64 66 67 68 69
66 62 63 65 68 69 70 76
67 63 64 65 68 69 70 71 358 472
68 65 66 67 69 70 71 72
69 65 66 67 68 70 71 72 209 328
70 66 67 68 69 71 72 73 330 337
71 67 68 69 70 72 73 74 75 102
72 68 69 70 71 73 74 75 76
73 70 71 72 74 75 76 77
74 71 72 73 75 76 77 78 264
75 71 72 73 74 77 78 79 225 479
76 66 72 73 74 77 79 80
77 49 73 74 75 76 78 79 81 262 418
78 74 75 77 79 80 82 214
79 75 76 77 78 80 81 82 83
80 43 76 78 79 82 84 130
81 77 79 82 83 101 112 240 454
82 78 79 80 81 83 84 85
83 79 81 82 84 85 86 87 416
84 80 82 83 85 86 88
85 28 82 83 84 86 87 88 89
86 83 84 85 88 89 495
87 52 83 85 88 89 91 179 362
88 84 85 86 87 89 90 91 92 167
89 85 86 87 88 90 93 153 162
90 88 89 91 92 93 156 335
91 87 88 90 92 93 94 95 311
92 88 90 91 93 94 396 406
93 89 90 91 92 95 97 365
94 91 92 95 96 97 98
95 91 93 94 96 97 98 263
96 94 95 97 98 99 100 106 136
97 93 94 95 96 98 99 100 101 138 374
98 23 94 95 96 97 99 100 102
99 96 97 98 100 101 102 367
100 96 97 98 99 101 102 103 104 120
101 81 97 99 100 103 104 266 409
102 71 98 99 100 103 104 105
103 100 101 102 104 105 106 107 222
104 100 101 102 103 105 106 107 108
105 102 103 104 106 108 109
106 96 103 104 105 109 110
107 11 103 104 108 109 110 111 212 274 431
108 104 105 107 109 110 112 316 413
109 105 106 107 108 110 112 113 174 418 451
110 106 107 108 109 111 112 113 114
111 107 110 112 113 114 115 448 493
112 81 108 109 110 111 113 114 115 431
113 109 110 111 112 114 116 117 180 245
114 110 111 112 113 115 117 118 146 359
115 111 112 114 116 117 118 119 343
116 29 113 115 117 118 119 120 455
117 113 114 115 116 118 119 120 169 410
118 114 115 116 117 119 120 121
119 115 116 117 118 120 121 122 123
120 8 21 100 116 117 118 119 124
121 118 119 122 123 124 125 305
122 119 121 124 125 126 194 251 372
123 119 121 124 126 127 164 184 418
124 120 121 122 123 125 126 128 183
125 121 122 124 126 128 129 458 486
126 122 123 124 125 127 128 129 130 288 468
127 123 126 129 130 131 263 421 469
128 124 125 126 129 131 132 219
129 17 125 126 127 128 130 133 311
130 80 126 127 129 131 132 133 134
131 9 39 127 128 130 132 133 134 135
132 128 130 131 133 134 135 346
133 129 130 131 132 134 135 136 137 172 397
134 130 131 132 133 135 136 137 138
135 131 132 133 134 136 137 449
136 4 45 96 133 134 135 137 138 180
137 133 134 135 136 139 140 141 240 454
138 97 134 136 140 141 276 405
139 137 140 141 143 207 372
140 137 138 139 141 142 143 173
141 137 138 139 140 144 145 298
142 140 143 144 145 146 184 228 272
143 139 140 142 144 145 147 154
144 141 142 143 145 146 148 313 432
145 141 142 143 144 146 147 319 462
146 114 142 144 145 147 148 149 150 325
147 143 145 146 148 149 151 206
148 144 146 147 149 151 152 487
149 146 147 148 150 151 152 153 337
150 146 149 151 152 154 207 251
151 42 147 148 149 150 153 154 352
152 148 149 150 153 155 156
153 89 149 151 152 155 156 157 341
154 143 150 151 155 157 158 282
155 152 153 154 156 158 169 387 499
156 90 152 153 155 157 158 159 160 352
157 153 154 156 158 355 460
158 56 154 155 156 157 159 160 161 162 462
159 156 158 160 161 162 163 307
160 156 158 159 161 163 164
161 0 62 158 159 160 163 298 465
162 89 158 159 163 164 220 350
163 38 159 160 161 162 165 166 167 301 496
164 123 160 162 165 166 167 168 418
165 163 164 166 167 169 311 393
166 163 164 165 167 169 195
167 88 163 164 165 166 168 170 171
168 0 164 167 170 171 172 243
169 51 117 155 165 166 170 171 172 173
170 167 168 169 173 174
171 167 168 169 172 173 175 286
172 133 168 169 171 175 176 283 384
173 140 169 170 171 174 175 398
174 109 170 173 175 177 178 368
175 4 19 171 172 173 174 177 179
176 172 177 178 179 180 306 414
177 174 175 176 179 180 181 269 456
178 3 46 174 176 180 182 355
179 87 175 176 177 180 181 182 183 413 424
180 113 136 176 177 178 179 181 182 183 184 392
181 177 179 180 182 183 185
182 178 179 180 181 183 184 185 186
183 124 179 180 181 182 184 186 266 480
184 41 123 142 180 182 183 185 186 187 188
185 181 182 184 186 187 188 189 419
186 182 183 184 185 187 188 189 190
187 16 184 185 186 189 190 191 491
188 184 185 186 189 190 192 284 422
189 64 185 186 187 188 190 191 192 193
190 186 187 188 189 191 192 193 194 199 378
191 187 189 190 192 193 194 195
192 188 189 190 191 193 194 195 196
193 189 190 191 192 194 195 196 197
194 122 190 191 192 193 195 196 198
195 166 191 192 193 194 197 198 199
196 192 193 194 197 199 200 408 447 481
197 193 195 196 198 199 200 201
198 194 195 197 199 200 201 202
199 190 195 196 197 198 201 203 209
200 196 197 198 201 202 203 204 304 439
201 197 198 199 200 202 203 204 205
202 198 200 201 203 204 205 206 360
203 199 200 201 202 204 205 206 207
204 200 201 202 203 205 206 207 208 396
205 201 202 203 204 206 208 209
206 147 202 203 204 205 207 208 209 210 462
207 139 150 203 204 206 209 211 244
208 204 205 206 209 210 211
209 69 199 205 206 207 208 211 212 213 423
210 206 208 211 212 213 214 365
211 207 208 209 210 212 213 214 215
212 107 209 210 211 213 214 215
213 209 210 211 212 214 216 217
214 78 210 211 212 213 215 216 218
215 27 211 212 214 216 217 219 490
216 42 213 214 215 217 218 219 220
217 213 215 216 218 220 221 391 446
218 14 214 216 217 220 222 433
219 128 215 216 220 221 222 223 281
220 162 216 217 218 219 222 223 224
221 217 219 222 223 224 225 315
222 103 218 219 220 221 223 224 225 226 301
223 219 220 221 222 225 226 227 411 491
224 220 221 222 225 226 227 228
225 75 221 222 223 224 226 227 388
226 222 223 224 225 227 228 230 457
227 223 224 225 226 228 229 258 288 486
228 142 224 226 227 229 230 231 232 394 421 439 469
229 21 64 227 228 230 231 232 233
230 226 228 229 231 232 234
231 228 229 230 232 233 234 235 377
232 228 229 230 231 234 235 236
233 25 229 231 234 235 237 427 483
234 230 231 232 233 235 236 237 360
235 19 231 232 233 234 236 237 238 239 294
236 232 234 235 237 238 239 240 484
237 28 233 234 235 236 238 239 240 241
238 49 235 236 237 239 240 241 429
239 235 236 237 238 240 241 242 243
240 81 137 236 237 238 239 242 243 244
241 237 238 239 243 244 249
242 239 240 243 244 245 246
243 168 239 240 241 242 244 245 246 266 315 441
244 15 207 240 241 242 243 246 248 267
245 113 242 243 246 248 249
246 29 242 243 244 245 249 250
247 38 248 249 250 251 344 368
248 244 245 247 249 250 251 252
249 241 245 246 247 248 251 252 253
250 246 247 248 251 252 365 438 463
251 122 150 247 248 249 250 252 253 254
252 248 249 250 251 253 254 255 256 456
253 249 251 252 255 256 257 334
254 251 252 255 256 257 258 495
255 252 253 254 256 257 259
256 252 253 254 255 257 258 259 260
257 253 254 255 256 259 260 261 400
258 11 227 254 256 259 260 261 262
259 29 255 256 257 258 260 261 262 263 275
260 256 257 258 259 262 264
261 11 257 258 259 262 263 265
262 77 258 259 260 261 263 264 265 266
263 95 127 259 261 262 264 265 267 404
264 74 260 262 263 265 266 268
265 261 262 263 264 267 268 269
266 101 183 243 262 264 267 268 270 286
267 55 244 263 265 266 268 269 270 428 447
268 264 265 266 267 269 270 271 272 498
269 177 265 267 268 270 271 272 273
270 5 266 267 268 269 271 272 273 274
271 268 269 270 272 273 275 389
272 142 268 269 270 271 274 275 276
273 269 270 271 274 275 276 277 300
274 107 270 272 273 275 276 277 278 329
275 259 271 272 273 274 277 279 471
276 138 272 273 274 277 278 279 280 299
277 273 274 275 276 278 279 280 281
278 21 274 276 277 279 280 281 282 329
279 275 276 277 278 280 282 283
280 20 26 276 277 278 279 281 282 283 284
281 219 277 278 280 282 283 284 285 342
282 154 278 279 280 281 283 285 327
283 172 279 280 281 282 284 285 379
284 18 188 280 281 283 285 286 287 288
285 281 282 283 284 286 287 288 289 386
286 171 266 284 285 287 289 290 331
287 284 285 286 288 290 291
288 47 126 227 284 285 287 290 291 292
289 285 286 291 292 322 353 360
290 286 287 288 291 292 293 363
291 287 288 289 290 292 293 294 295 307
292 288 289 290 291 294 295 296
293 290 291 294 295 296 326 342 382
294 18 235 291 292 293 295 296 297 298
295 291 292 293 294 296 298 416
296 292 293 294 295 297 298 299 300
297 9 294 296 298 299 300 301 489
298 141 161 294 295 296 297 299 300 301 302
299 276 296 297 298 300 302 303
300 273 296 297 298 299 301 302 303 304
301 163 222 297 298 300 302 303 305
302 298 299 300 301 303 304 305 473
303 299 300 301 302 304 305 307 345
304 200 300 302 303 305 306 307
305 121 301 302 303 304 306 307 308 309
306 14 176 304 305 307 308 309 386
307 159 291 303 304 305 306 310 478
308 305 306 310 311 312
309 305 306 310 311 312 313
310 307 308 309 311 312 314
311 91 129 165 308 309 310 312 315
312 308 309 310 311 314 316
313 144 309 314 315 316 317 385 393 401 483
314 310 312 313 316 318 378
315 28 221 243 311 313 316 318 319 444
316 108 312 313 314 315 317 318 319 320 414
317 313 316 318 319 320 321
318 314 315 316 317 319 320 321 322
319 13 145 315 316 317 318 321 322 323
320 316 317 318 321 323 324 388 408
321 317 318 319 320 322 323 324 325 414 453
322 289 318 319 321 323 326
323 319 320 321 322 324 325 326 327
324 320 321 323 325 326 327 328 399 440
325 146 321 323 324 326 327 414
326 293 322 323 324 325 328 330
327 282 323 324 325 328 329 331
328 9 69 324 326 327 330 331 346 405
329 6 274 278 327 331 332 416
330 70 326 328 331 332 333 334 497
331 286 327 328 329 330 332 333 334 335
332 21 329 330 331 333 334 335 386
333 330 331 332 335 336
334 253 330 331 332 335 336 338 356 415
335 90 331 332 333 334 336 337 338 339
336 3 333 334 335 337 338 339 340 422
337 70 149 335 336 338 339 340 341 432
338 334 335 336 337 339 340 341 342
339 335 336 337 338 340 342 406 425
340 336 337 338 339 341 342 343 344 421
341 153 337 338 340 342 343 344 345
342 281 293 338 339 340 341 343 344 345 346 387
343 115 340 341 342 344 346 347
344 247 340 341 342 343 345 346 347 348
345 303 341 342 344 346 347 349
346 54 132 328 342 343 344 345 347 348 350
347 343 344 345 346 348 349 350 351
348 20 344 346 347 350 351 352
349 37 345 347 350 351 352 353 401 461
350 162 346 347 348 349 351 352 353 354
351 347 348 349 350 352 353 354 355
352 151 156 348 349 350 351 353 354 356
353 289 349 350 351 352 354 355 356 357 462
354 350 351 352 353 355 356 357
355 7 157 178 351 353 354 357 358 359 380
356 38 334 352 353 354 357 358 360 487
357 353 354 355 356 358 359 361 445
358 67 355 356 357 359 360 361 362
359 114 355 357 358 360 361 379
360 202 234 289 356 358 359 361 362 363 364
361 357 358 359 360 362 363 364 365
362 87 358 360 361 363 364 365 366 402
363 290 360 361 362 364 365 366 367
364 360 361 362 363 365 366 367
365 55 93 210 250 361 362 363 364 366 367 368 489
366 362 363 364 365 367 368 369 370
367 99 363 364 365 366 368 370 371 373
368 174 247 365 366 367 369 370 371 372
369 366 368 370 371 372 373
370 57 366 367 368 369 371 372 373 374
371 367 368 369 370 372 373 374 375
372 122 139 368 369 370 371 373 374 375 376
373 367 369 370 371 372 374 375 376 377 381
374 97 370 371 372 373 375 376 377 378
375 371 372 373 374 376 377 378 379
376 372 373 374 375 378 379
377 231 373 374 375 378 380 381
378 190 314 374 375 376 377 379 380 381
379 283 359 375 376 378 380 381 382 383
380 355 377 378 379 381 382 383
381 373 377 378 379 380 383 384 385 435
382 293 379 380 383 384 385 386
383 379 380 381 382 384 385 386 387
384 40 172 381 382 383 386 388
385 63 313 381 382 383 386 389
386 285 306 332 382 383 384 385 390
387 11 155 342 383 388 389 390 391
388 225 320 384 387 389 390 392
389 34 271 385 387 388 390 391 392
390 386 387 388 389 391 393 394
391 217 387 389 390 392 393 394 395
392 180 388 389 391 394 395 396 460
393 28 165 313 390 391 394 395 396
394 228 390 391 392 393 395 396 397 398
395 391 392 393 394 396 398 399
396 92 204 392 393 394 395 398 399 400
397 133 394 398 399 400 401
398 173 394 395 396 397 399 400 401 402
399 324 395 396 397 398 400 401 402 403 436
400 257 396 397 398 399 401 402 403 404
401 313 349 397 398 399 400 402 403 404 405
402 362 398 399 400 401 405 406 423
403 21 399 400 401 404 405 406 407
404 263 400 401 403 406 407 408 446
405 138 328 401 402 403 406 407 408
406 92 339 402 403 404 405 407 408 409 410
407 403 404 405 406 408 409 410 411
408 196 320 404 405 406 407 410 411 435
409 61 101 406 407 410 411 413 433
410 117 406 407 408 409 411 412 413 414
411 223 407 408 409 410 412 413 415
412 410 411 413 414 415 416
413 108 179 409 410 411 412 414 415 416 417
414 176 316 321 325 410 412 413 415 416
415 334 411 412 413 414 419
416 83 295 329 412 413 414 417 447
417 413 416 419 420 421
418 35 77 109 123 164 421 422
419 185 415 417 420 421 423
420 417 419 421 422 423 424
421 127 228 340 417 418 419 420 423 424 425
422 188 336 418 420 423 424 425 426
423 12 209 402 419 420 421 422 425 427
424 179 420 421 422 425 426 427 428
425 28 339 421 422 423 424 426 427 428 429
426 422 424 425 427 429 430
427 52 233 423 424 425 426 428 429 430
428 267 424 425 427 430 432
429 238 425 426 427 431 432 433
430 426 427 428 431 432 433 434 450
431 107 112 429 430 432 434 435 457
432 144 337 428 429 430 431 433 434 435 436
433 51 218 409 429 430 432 434 435 436 437
434 430 431 432 433 435 436 437 438
435 381 408 431 432 433 434 436 437 438
436 5 399 432 433 434 435 437 438 440
437 433 434 435 436 438 441
438 10 250 434 435 436 437 439 440 441 442
439 200 228 438 440 441 442 443
440 324 436 438 439 441 443 444
441 60 243 437 438 439 440 442 443 444
442 438 439 441 443 444 445 446
443 439 440 441 442 444 445 446 447
444 315 440 441 442 443 446 447 448
445 357 442 443 446 447 448 449
446 217 404 442 443 444 445 447 450
447 196 267 416 443 444 445 446 449 450 451
448 18 111 444 445 449 450 451 452
449 135 445 447 448 450 451 452 453
450 430 446 447 448 449 451 452 454
451 109 447 448 449 450 452 454 455
452 448 449 450 451 453 454 455 456
453 321 449 452 454 455 456 457
454 81 137 450 451 452 453 455 458
455 116 451 452 453 454 456 458 459 480
456 177 252 452 453 455 458 460
457 226 431 453 458 459 460 461
458 125 454 455 456 457 459 460 461 462
459 8 455 457 458 460 461 462 463
460 157 392 456 457 458 459 461 464
461 349 457 458 459 460 464 465 476
462 145 158 206 353 458 459 463
463 250 459 462 465 466 467
464 44 460 461 465 466 467 468
465 161 461 463 464 466 467 468 469 475
466 463 464 465 467 468 469 470
467 463 464 465 466 468 470
468 126 464 465 466 467 469 470 471 472
469 127 228 465 466 468 471 472 473
470 466 467 468 471 472 473 474
471 22 275 468 469 470 473 474 475
472 15 67 468 469 470 473 474 475 476
473 302 469 470 471 472 474 475 476
474 470 471 472 473 475 476 477 478
475 465 471 472 473 474 477 478 479
476 461 472 473 474 477 478 479 480
477 474 475 476 478 479 480 481
478 307 474 475 476 477 479 482
479 75 475 476 477 478 481 482 483
480 183 455 476 477 481 482 483 484
481 16 196 477 479 480 483 484 485
482 478 479 480 483 484 485 486
483 233 313 479 480 481 482 484 485 486 487
484 236 480 481 482 483 485 487 488
485 61 481 482 483 484 486 488 489
486 125 227 482 483 485 489 490
487 148 356 483 484 489 490 491
488 484 485 490 491 492
489 297 365 485 486 487 490 491 492 493
490 215 486 487 488 489 491 492 493 494
491 187 223 487 488 489 490 492 494 495
492 488 489 490 491 493 494 495 496
493 111 489 490 492 494 495 496 497
494 490 491 492 493 495 496 498
495 86 254 491 492 493 494 496 497 498 499
496 0 163 492 493 494 495 497 499
497 1 55 330 493 495 496 498 499
498 0 1 2 268 494 495 497 499
499 0 1 2 3 155 495 496 497 498
