0 2 3 4 175 446 496 497 498 499
1 2 3 5 236 497 498
2 0 1 3 4 5 6 243 451 498 499
3 0 1 2 4 5 6 7 499
4 0 2 3 5 6 7 8 27
5 1 2 3 4 6 92 100 319 420
6 2 3 4 5 7 8 9 10 22 405 475
7 3 4 6 8 9 10 46
8 4 6 7 9 10 11 12 353 478
9 6 7 8 10 11 13
10 6 7 8 9 11 12 13 124 131 404 425
11 8 9 10 12 13 14 15 42 355
12 8 10 11 13 15 16 222
13 9 10 11 12 14 15 16 17 175
14 11 13 15 16 78 128 428 485
15 11 12 13 14 17 19 162
16 12 13 14 17
17 13 15 16 18 19 20 21
18 17 19 20 21 22 129 214 366
19 15 17 18 20 22 23 135 309 389 461 477
20 17 18 19 21 24 217 486
21 17 18 20 22 23 24 25
22 6 18 19 21 23 24 25 26 298 333
23 19 21 22 25 26 27 28 356
24 20 21 22 26 27 28 122
25 21 22 23 26 27 28 29 385 499
26 22 23 24 25 27 28 30 110 306
27 4 23 24 25 26 28 29 30 31 385
28 23 24 25 26 27 29 31 32 120 259 307
29 25 27 28 30 32
30 26 27 29 31 32 33 34 63
31 27 28 30 32 33 35 57 74
32 28 29 30 31 35 36 105 439
33 30 31 35 36 37 55 155 261 406
34 30 35 38 114 363 395 437
35 31 32 33 34 36 38 39 451
36 32 33 35 37 38 39 40 236
37 33 36 38 40 41 363 397 410
38 34 35 36 37 39 40 41 42
39 35 36 38 40 42 43 211
40 36 37 38 39 41 42 43 44
41 37 38 40 42 43 44 437 462
42 11 38 39 40 41 43 44 45 46 67 115 416
43 39 40 41 42 44 45 47
44 40 41 42 43 46 47 48
45 42 43 46 47 48 49 93
46 7 42 44 45 48 49 50 208 420
47 43 44 45 48 50 51 102
48 44 45 46 47 49 50 51 52
49 45 46 48 50 51 52 53
50 46 47 48 49 53 54 123 155 346
51 47 48 49 52 53 54
52 48 49 51 53 54 55 56 70
53 49 50 51 52 54 55 56 182
54 50 51 52 53 55 56 57 58 216 380
55 33 52 53 54 56 57 318 378
56 52 53 54 55 57 58 59 60 185
57 31 54 55 56 58 59 60 61 69 142
58 54 56 57 59 61 62 343
59 56 57 58 60 63
60 56 57 59 62 63 148 396
61 57 58 62 63 115 335
62 58 60 61 63 64 65 66 369
63 30 59 60 61 62 64 66 325 405
64 62 63 65 66 68 256
65 62 64 66 67 283 433
66 62 63 64 65 67 68 70
67 42 65 66 68 69 70 87 282 425 433
68 64 66 67 69 70 72 102
69 57 67 68 70 71 72 73 356
70 52 66 67 68 69 71 72 73
71 69 70 72 73 75 227
72 68 69 70 71 73 74 75 76
73 69 70 71 72 74 75 76 77
74 31 72 73 75 76 77 78 427 486
75 71 72 73 74 76 77 78 79 187
76 72 73 74 75 77 80 364
77 73 74 75 76 78 79 80 81 385 409
78 14 74 75 77 79 80 81 82 212 315
79 75 77 78 80 81 82 83 470 473
80 76 77 78 79 81 82 83 84 253
81 77 78 79 80 82 83 84 85
82 78 79 80 81 83 84 85 86
83 79 80 81 82 84 86 87 295 345
84 80 81 82 83 86 88 470
85 81 82 86 87 89 110 417 482
86 82 83 84 85 87 124 354
87 67 83 85 86 88 89 90 91 367
88 84 87 89 90 91 92 393
89 85 87 88 90 91 92 377
90 87 88 89 92 93 94 213
91 87 88 89 92 94 95 354
92 5 88 89 90 91 93 94 95 96
93 45 90 92 94 96 97 399
94 90 91 92 93 96 97 98 424
95 91 92 97 99 250
96 92 93 94 97 98 100 463 491
97 93 94 95 96 98 99 100 101
98 94 96 97 99 100 101 102 352 470
99 95 97 98 100 101 102 279 406 445
100 5 96 97 98 99 101 102 104
101 97 98 99 100 103 104 105 243
102 47 68 98 99 100 103 104 105 106
103 101 102 106 107
104 100 101 102 105 106 107 108 474
105 32 101 102 104 107 108 276 324 347
106 102 103 104 107 108 109 110
107 103 104 105 106 110 470
108 104 105 106 109 111 112 350
109 106 108 110 111 112 113 159 169 222
110 26 85 106 107 109 111 112 113 114 379 469
111 108 109 110 112 113 114 115
112 108 109 110 111 113 114 115 116
113 109 110 111 112 114 115 116 117 163 241
114 34 110 111 112 113 116 117 248 458
115 42 61 111 112 113 116 117 118
116 112 113 114 115 118 119 120
117 113 114 115 118 119 120 121 343
118 115 116 117 119 120 121 122
119 116 117 118 120 121 122 123
120 28 116 117 118 119 123 305
121 117 118 119 122 123 125 398
122 24 118 119 121 123 124 125 126 234 311
123 50 119 120 121 122 125 126
124 10 86 122 125 126 127 128 196 247 281
125 121 122 123 124 126 127 128 129 347
126 122 123 124 125 127 128 129 130 309
127 124 125 126 129 130 131
128 14 124 125 126 129 130 131 132 280
129 18 125 126 127 128 130 131 132 133 461
130 126 127 128 129 131 133 134 192 211
131 10 127 128 129 130 132
132 128 129 131 133 134 136
133 129 130 132 134 135 137 233 393
134 130 132 133 135 136 137 340
135 19 133 134 136 137 138 139 246
136 132 134 135 137 138 139 140 186 393
137 133 134 135 136 138 139 140 141
138 135 136 137 139 140 141 142 256
139 135 136 137 138 140 141 142 143
140 136 137 138 139 141 142 143 144
141 137 138 139 140 142 143 144 202
142 57 138 139 140 141 144 146 306
143 139 140 141 145 146 147 263 453
144 140 141 142 145 146 147 148 223
145 143 144 147 148 149
146 142 143 144 147 148 149 150 376
147 143 144 145 146 148 149 150 151
148 60 144 145 146 147 150 151 152 190 194
149 145 146 147 150 151 152 153
150 146 147 148 149 151 152 153 154 194
151 147 148 149 150 152 154 155 337
152 148 149 150 151 153 154 155 156
153 149 150 152 154 155 156 157
154 150 151 152 153 155 156 157 158
155 33 50 151 152 153 154 156 157 159
156 152 153 154 155 157 158 159 454
157 153 154 155 156 158 159 160 172 183
158 154 156 157 159 161 162 259 265 331
159 109 155 156 157 158 160 162 163 170 398
160 157 159 161 162 163 164 202
161 158 160 162 163 164 165
162 15 158 159 160 161 164 165 166 363
163 113 159 160 161 164 165 166 167 461
164 160 161 162 163 165 166 167 168 251
165 161 162 163 164 166 167 168 181 194 202 228
166 162 163 164 165 167 168 169 170
167 163 164 165 166 168 169 171
168 164 165 166 167 169 170 171 172 379
169 109 166 167 168 171 172 173 425
170 159 166 168 171 172 174 236 248 279 413 454
171 167 168 169 170 172 173 175
172 157 168 169 170 171 173 174 176
173 169 171 172 174 176 177
174 170 172 173 175 176 276 296
175 0 13 171 174 176 177 178 179 493
176 172 173 174 175 177 178 179 180 192 319
177 173 175 176 178 179 181 225
178 175 176 177 179 180 181 182
179 175 176 177 178 180 181 182 183 289
180 176 178 179 181 182 183 184 382 395 479
181 165 177 178 179 180 183 184 253
182 53 178 179 180 184 185 250 361
183 157 179 180 181 184 380
184 180 181 182 183 185 186 187 336 478
185 56 182 184 186 187 213 354
186 136 184 185 188 189 220 383
187 75 184 185 188 189 190 285 457 481
188 186 187 190 191 192 198 237 366
189 186 187 191 192 193
190 148 187 188 191 192 194
191 188 189 190 192 193 195
192 130 176 188 189 190 191 194 195 196 216 284
193 189 191 194 195 196 197 310 344
194 148 150 165 190 192 193 195 196 197 212
195 191 192 193 194 196 197 198 199 325
196 124 192 193 194 195 197 198 199 200 484
197 193 194 195 196 198 199 200 201 359
198 188 195 196 197 199 200 201
199 195 196 197 198 200 201 203 383
200 196 197 198 199 201 203 204
201 197 198 199 200 202 203 204 205 230 254
202 141 160 165 201 203 204 205 206
203 199 200 201 202 204 205 206 207
204 200 201 202 203 205 206 207 255 297
205 201 202 203 204 206 207 208 222
206 202 203 204 205 207 208 209 210 389
207 203 204 205 206 208 209 210 495
208 46 205 206 207 209 270 321 483
209 206 207 208 210 211 213
210 206 207 209 211 213 214
211 39 130 209 210 212 213 215 292 353 368 476
212 78 194 211 213 215 445
213 90 185 209 210 211 212 214 215 216 217 439
214 18 210 213 217 218 373
215 211 212 213 216 217 218 219
216 54 192 213 215 217 218 219 220
217 20 213 214 215 216 219 220 221
218 214 215 216 219 220 222 250 333 487
219 215 216 217 218 220 221 222 223
220 186 216 217 218 219 221 222 223 224 280 477 482
221 217 219 220 222 223 224 225
222 12 109 205 218 219 220 221 223 224 225 226 275 305
223 144 219 220 221 222 225 226 227
224 220 221 222 225 226 227 256 271
225 177 221 222 223 224 226 227 228 229 243 282 374
226 222 223 224 225 227 228 229 230
227 71 223 224 225 226 229 231
228 165 225 226 229 231 232 241 396 416
229 225 226 227 228 230 231 232 233
230 201 226 229 231 232 233 234
231 227 228 229 230 232 233 234 235
232 228 229 230 231 233 234 235 236
233 133 229 230 231 232 234 235 237
234 122 230 231 232 233 235 236 238 264
235 231 232 233 234 236 237 238 239
236 1 36 170 232 234 235 238 239 240 453
237 188 233 235 238 239 240 241
238 234 235 236 237 239 240 242
239 235 236 237 238 240 241 242 243
240 236 237 238 239 242 243 244 309 355
241 113 228 237 239 242 244 245
242 238 239 240 241 243 245 246
243 2 101 225 239 240 242 244 245 246 381
244 240 241 243 245 246 247 248 365
245 241 242 243 244 246 247 248 249 271 412
246 135 242 243 244 245 247 248 432
247 124 244 245 246 249 250 251 498
248 114 170 244 245 246 249 250 252 428
249 245 247 248 250 251 252 253
250 95 182 218 247 248 249 251 252 253 329
251 164 247 249 250 252 253 254
252 248 249 250 251 254 255 256 337
253 80 181 249 250 251 254 257 483
254 201 251 252 253 255 256 258
255 204 252 254 256 257 258 259 365
256 64 138 224 252 254 255 257 258 259 455
257 253 255 256 258 259 260 261 367
258 254 255 256 257 259 260 261 262
259 28 158 255 256 257 258 260 261 262 263
260 257 258 259 263 264 329
261 33 257 258 259 265 293
262 258 259 263 264 265 266
263 143 259 260 262 264 266 267 286
264 234 260 262 263 265 266 267 268 270 355 375
265 158 261 262 264 266 267 268 269
266 262 263 264 265 267 268 270 287 481
267 263 264 265 266 268 269 270 271
268 264 265 266 267 269 270 271
269 265 267 268 270 272 273 303
270 208 264 266 267 268 269 271 273 274
271 224 245 267 268 270 272 274
272 269 271 274 275 336 382 434
273 269 270 274 276 277
274 270 271 272 273 275 276 277 278
275 222 272 274 276 277 278 279
276 105 174 273 274 275 277 279 280 450
277 273 274 275 276 278 280 281 386
278 274 275 277 280 281 282 410 426
279 99 170 275 276 280 281 283
280 128 220 276 277 278 279 283 284 443
281 124 277 278 279 282 284 285 303
282 67 225 278 281 284 285 286 320 395
283 65 279 280 285 286 287
284 192 280 281 282 285 287 288
285 187 281 282 283 284 286 288 289
286 263 282 283 285 287 288 290 428
287 266 283 284 286 288 289 291
288 284 285 286 287 290 291 292 327
289 179 285 287 290 291 293 498
290 286 288 289 291 292 293 294 424 476
291 287 288 289 290 292 293 294 295 301 310
292 211 288 290 291 293 294 295 296 421
293 261 289 290 291 292 294 296 297
294 290 291 292 293 295 297 476
295 83 291 292 294 296 297 298 299 394
296 174 292 293 295 297 298 299 300 336
297 204 293 294 295 296 299 300 301
298 22 295 296 299 300 302
299 295 296 297 298 300 302 303
300 296 297 298 299 302 303 304
301 291 297 302 303 304 381 409
302 298 299 300 301 303 304 305 306
303 269 281 299 300 301 302 305 306 307 327
304 300 301 302 305 306 307 308 357
305 120 222 302 303 304 306 309
306 26 142 302 303 304 305 307 309 310 364
307 28 303 304 306 308 310 311 418
308 304 307 310 311 312
309 19 126 240 305 306 310 311 313
310 193 291 306 307 308 309 312 314 398 439
311 122 307 308 309 312 313 314 315
312 308 310 311 314 315 316 391
313 309 311 314 315 316 451
314 310 311 312 313 315 316 317
315 78 311 312 313 314 316 317 318 319
316 312 313 314 315 317 318 320 373
317 314 315 316 318 319 320 321 390
318 55 315 316 317 319 320 321 466
319 5 176 315 317 318 320 321 322
320 282 316 317 318 319 321 323 324
321 208 317 318 319 320 322 323 324 325
322 319 321 324 325 326 362 420
323 320 321 324 325 326 327 375 460
324 105 320 321 322 323 325 326 327
325 63 195 321 322 323 324 326 328 329 485
326 322 323 324 325 327 328 329 330
327 288 303 323 324 326 328 329 330
328 325 326 327 329 330 331 440
329 250 260 325 326 327 328 330 331 440
330 326 327 328 329 331 332 333 334
331 158 328 329 330 332 333 335
332 330 331 333 334
333 22 218 330 331 332 335 336 337
334 330 332 335 337 338 378 484
335 61 331 333 334 336 337 339 491
336 184 272 296 333 335 337 338 340 471
337 151 252 333 334 335 336 338 339 340 341
338 334 336 337 339 340 341 342 457 488
339 335 337 338 340 341 342 343 378
340 134 336 337 338 339 341 342 343 344
341 337 338 339 340 342 343 344 345 465
342 338 339 340 341 343 344 346 347 376 451
343 58 117 339 340 341 342 345 346
344 193 340 341 342 346 347 348
345 83 341 343 346 347 348 349
346 50 342 343 344 345 347 348 349 350
347 105 125 342 344 345 346 350 351
348 344 345 346 349 350 351 352
349 345 346 348 350 351 352 353
350 108 346 347 348 349 351 352 354
351 347 348 349 350 352 353 354
352 98 348 349 350 351 353 354 355 356
353 8 211 349 351 352 356 466
354 86 91 185 350 351 352 357 358
355 11 240 264 352 358 359
356 23 69 352 353 357 358 359 360
357 304 354 356 358 360 361
358 354 355 356 357 359 360 361 362 439
359 197 355 356 358 361 362 363
360 356 357 358 361 362 363 459
361 182 357 358 359 360 362 364 365
362 322 358 359 360 361 364 365 366 404 437
363 34 37 162 359 360 364 365 366
364 76 306 361 362 363 365 366 367 368
365 244 255 361 362 363 364 366 368 470
366 18 188 362 363 364 365 367 368 369 370
367 87 257 364 366 370 371
368 211 364 365 366 369 370 371 372
369 62 366 368 370 371 372 400
370 366 367 368 369 371 372 373 374
371 367 368 369 370 372 373 374 375
372 368 369 370 371 373
373 214 316 370 371 372 374 376 377 413 414
374 225 370 371 373 375 376 377 378
375 264 323 371 374 376 377 378 379
376 146 342 373 374 375 377 378 380 400 429
377 89 373 374 375 376 378 379 380 381 498
378 55 334 339 374 375 376 377 379 381 480
379 110 168 375 377 378 381 382
380 54 183 376 377 383 384 492
381 243 301 377 378 379 382 383 385
382 180 272 379 381 383 384 386
383 186 199 380 381 382 384 386 387
384 380 382 383 385 386 387 388
385 25 27 77 381 384 389 415 447
386 277 382 383 384 387 388 389 390 412
387 383 384 386 388 389 390 391 420
388 384 386 387 389 390 391 392
389 19 206 385 386 387 388 390 391 392
390 317 386 387 388 389 391 392 394
391 312 387 388 389 390 392 393 394 395 420
392 388 389 390 391 393 394 395 396 451
393 88 133 136 391 392 394 395 396 397
394 295 390 391 392 393 395 396 397
395 34 180 282 391 392 393 394 398
396 60 228 392 393 394 397 398 400
397 37 393 394 396 398 399 400 401 446
398 121 159 310 395 396 397 399 400
399 93 397 398 400 401 402 434
400 369 376 396 397 398 399 401 402 403
401 397 399 400 402 404 405
402 399 400 401 403 405 406
403 400 402 404 405 406 407 412
404 10 362 401 403 405 406 407 408 459 477
405 6 63 401 402 403 404 408 409
406 33 99 402 403 404 407 408 409 410
407 403 404 406 408 409 410 411
408 404 405 406 407 409 410 411 412
409 77 301 405 406 407 408 410 412 413
410 37 278 406 407 408 409 411 412 439 468
411 407 408 410 412 414 415
412 245 386 403 408 409 410 411 414 416
413 170 373 409 414 417 477 479
414 373 411 412 413 415 417 418
415 385 411 414 416 417 418 419
416 42 228 412 415 417 418 419 427
417 85 413 414 415 416 418 420 421 462 474
418 307 414 415 416 417 419 420 422 440
419 415 416 418 420 421 422 423
420 5 46 322 387 391 417 418 419 421 424
421 292 417 419 420 422 423 424 425
422 418 419 421 423 425 426
423 419 421 422 424 425 426 427
424 94 290 420 421 423 427 428
425 10 67 169 421 422 423 426 429
426 278 422 423 425 427 428 429 430 474
427 74 416 423 424 426 428 429 430 431
428 14 248 286 424 426 427 429 430 431 432
429 376 425 426 427 428 430 432 433
430 426 427 428 429 431 432 433 434
431 427 428 430 432 433 434 435
432 246 428 429 430 431 433 434 435 436
433 65 67 429 430 431 432 434 435 436 437
434 272 399 430 431 432 433 435 436 437 438
435 431 432 433 434 436 438 439
436 432 433 434 435 437 438 439 440
437 34 41 362 433 434 436 438 439 440 441
438 434 435 436 437 440 441 445
439 32 213 310 358 410 435 436 437 441 443
440 328 329 418 436 437 438 443 484
441 437 438 439 442 443 444
442 441 443 444 445 446
443 280 439 440 441 442 444 445 446
444 441 442 443 445 446 448
445 99 212 438 442 443 444 446 447 448 449
446 0 397 442 443 444 445 447 448 449 450 464
447 385 445 446 448 449 450 451 488
448 444 445 446 447 449 450 451 452
449 445 446 447 448 450 452
450 276 446 447 448 449 452 453
451 2 35 313 342 392 447 448 452 455
452 448 449 450 451 454 455 456
453 143 236 450 454 455 456 457 481
454 156 170 452 453 455 456 457
455 256 451 452 453 454 456 458 459
456 452 453 454 455 457 458 459 460
457 187 338 453 454 456 460 461
458 114 455 456 459 460 462
459 360 404 455 456 458 460 462 463
460 323 456 457 458 459 461 462 463 464
461 19 129 163 457 460 464 465
462 41 417 458 459 460 465 466
463 96 459 460 464 466 467 486
464 446 460 461 463 465 466 467 468
465 341 461 462 464 466 467 468
466 318 353 462 463 464 465 467 468 469
467 463 464 465 466 468 469 471
468 410 464 465 466 467 469 470 472
469 110 466 467 468 471 472 493
470 79 84 98 107 365 468 472 473 474
471 336 467 469 472 473 474 475
472 468 469 470 471 473 475 476
473 79 470 471 472 475 476 477
474 104 417 426 470 471 475 476 478
475 6 471 472 473 474 476 478
476 211 290 294 472 473 474 475 478 479
477 19 220 404 413 473 480 481
478 8 184 474 475 476 479 480 482
479 180 413 476 478 480 483
480 378 477 478 479 481 484
481 187 266 453 477 480 484 485
482 85 220 478 483 484 485 486
483 208 253 479 482 485 487
484 196 334 440 480 481 482 485 486 488
485 14 325 481 482 483 484 486 487 489
486 20 74 463 482 484 485 487 488 490
487 218 483 485 486 488 489 490 491
488 338 447 484 486 487 489 490 491 492
489 485 487 488 490 492 493
490 486 487 488 489 491 492 493 494
491 96 335 487 488 490 492 493 494
492 380 488 489 490 491 494 495 496
493 175 469 489 490 491 494 495 496 497
494 490 491 492 493 495 496 497 498
495 207 492 493 494 496 497 499
496 0 492 493 494 495 497 499
497 0 1 493 494 495 496 499
498 0 1 2 247 289 377 494 499
499 0 2 3 25 495 496 497 498
