0 1 2 3 4 162 275 376 496 497 499
1 0 2 3 5 29 277 423 476 497 498
2 0 1 3 4 5 6 24 450 498 499
3 0 1 2 4 5 6 7 272
4 0 2 3 5 7 8
5 1 2 3 4 6 8 142 441
6 2 3 5 7 8 9 10 119 409
7 3 4 6 8 9 10 11 432
8 4 5 6 7 9 10 11 12 26 403
9 6 7 8 10 11 12 13
10 6 7 8 9 11 12 13 14 98 462
11 7 8 9 10 12 13 14 15 231
12 8 9 10 11 13 14 15 16
13 9 10 11 12 14 16 17
14 10 11 12 13 16 17 18 33 100
15 11 12 16 18 19 269 397 400
16 12 13 14 15 17 18 19 20
17 13 14 16 19 20 21 142 317
18 14 15 16 19 20 21 22
19 15 16 17 18 21 22 117 141
20 16 17 18 21 22 23 24
21 17 18 19 20 23 25 34
22 18 19 20 23 24 25 84 405 491
23 20 21 22 25 27 151 387 463
24 2 20 22 25 26 27 28
25 21 22 23 24 26 27 28
26 8 24 25 27 28 29 144 176 473
27 23 24 25 26 28 30 31 358 437
28 24 25 26 27 30 31 32 149
29 1 26 30 31 32 117 412
30 27 28 29 31 32 33 421
31 27 28 29 30 32 33 34 35 238
32 28 29 30 31 33 34 35 36 228
33 14 30 31 32 36 37 128
34 21 31 32 35 36 37 38
35 31 32 34 37 38
36 32 33 34 37 38 39 40 374
37 33 34 35 36 38 39 40 41 133 307 334
38 34 35 36 37 41 42 352 407
39 36 37 40 41 42 93 305 378 388
40 36 37 39 41 42 43 44 438
41 37 38 39 40 43 45 370
42 38 39 40 43 45 46 108 184 362
43 40 41 42 44 45 46 47
44 40 43 45 46 47 48 305
45 41 42 43 44 46 47 49 168
46 42 43 44 45 47 48 49 73
47 43 44 45 46 48 50 344
48 44 46 47 49 50 51
49 45 46 48 50 51 52 53 106
50 47 48 49 51 52 54 338
51 48 49 50 52 53 342 440
52 49 50 51 53 54 56 311 409
53 49 51 52 54 55 56 57
54 50 52 53 55 56 57 58
55 53 54 56 59 72 139 221 268 410
56 52 53 54 55 57 58 59 60 379
57 53 54 56 58 59 60 61
58 54 56 57 59 60 61 62 386
59 55 56 57 58 60 61 62 63
60 56 57 58 59 61 62 64 422
61 57 58 59 60 62 63 64 65
62 58 59 60 61 63 64 65 66 444
63 59 61 62 64 65 66 67 116
64 60 61 62 63 65 66 67 68
65 61 62 63 64 66 67 68 69 138
66 62 63 64 65 68 69 70
67 63 64 65 68 69 70 71 435
68 64 65 66 67 69 71 72 85 305
69 65 66 67 68 70 71 73
70 66 67 69 73 74 351 479
71 67 68 69 72 73 74 75 362
72 55 68 71 73 74 75 287 308 366
73 46 69 70 71 72 74 75 76 77 469
74 70 71 72 73 75 76 77 78 234
75 71 72 73 74 76 78 79 203
76 73 74 75 80 333 374 428
77 73 74 78 79 80 81 226 476 493
78 74 75 77 80 81 82 317
79 75 77 80 82 83 344 470
80 76 77 78 79 81 82 83 84
81 77 78 80 82 83 84 85 181 344
82 78 79 80 81 83 84 85 86 99
83 79 80 81 82 84 86 87 471
84 22 80 81 82 83 85 86 88 487
85 68 81 82 84 86 87 88 89
86 82 83 84 85 87 88 89 90 427
87 83 85 86 88 89 90 91 402
88 84 85 86 87 89 90 92 193
89 85 86 87 88 90 92 93
90 86 87 88 89 91 92 94 315 404
91 87 90 92 94 95 199 209 315 403 482
92 88 89 90 91 93 94 95 96 286
93 39 89 92 94 96 97 174 327
94 90 91 92 93 95 96 98 104
95 91 92 94 96 98 99 184
96 92 93 94 95 97 98 310
97 93 96 98 100 101
98 10 94 95 96 97 99 100 102 157 208
99 82 95 98 100 101 102 103 251
100 14 97 98 99 101 103 305 402
101 97 99 100 102 103 104 105 230 482
102 98 99 101 104 105 106 129
103 99 100 101 104 105 106 107
104 94 101 102 103 106 108 191 245 379
105 101 102 103 106 107 108 109 341 406
106 49 102 103 104 105 109 110 404 425
107 103 105 108 110 111
108 42 104 105 107 109 111 112 172
109 105 106 108 110 111 112 113 143 254
110 106 107 109 111 112 113 114 193 313 464
111 107 108 109 110 113 114 115 328 495
112 108 109 110 113 115
113 109 110 111 112 114 115 116 117 457
114 110 111 113 115 116 117 153 302 316 321
115 111 112 113 114 116 117 118 119
116 63 113 114 115 118 119 120
117 19 29 113 114 115 118 120 363 482
118 115 116 117 119 120 121 122 223
119 6 115 116 118 120 122 123 131 263
120 116 117 118 119 122 123 124 395
121 118 122 125 201 459
122 118 119 120 121 123 124 125 126
123 119 120 122 124 125 126 127 245 327
124 120 122 123 125 126 131 210 305
125 121 122 123 124 126 128 129 132 247
126 122 123 124 125 127 129 130 135 391
127 123 126 128 129 130 131
128 33 125 127 129 130 132 160
129 102 125 126 127 128 131 132 391
130 126 127 128 132 133 134 459 495
131 119 124 127 129 132 134 135
132 125 128 129 130 131 133 135 136 427
133 37 130 132 134 135 136 137
134 130 131 133 135 136 137
135 126 131 132 133 134 137 138 139
136 132 133 134 138 139 140 454
137 133 134 135 138 139 140 141 382
138 65 135 136 137 140 141 142 317 470
139 55 135 136 137 141 142 143 381
140 136 137 138 141 144 392
141 19 137 138 139 140 142 143 145
142 5 17 138 139 141 143 144 145
143 109 139 141 142 144 145 146 147 428
144 26 140 142 143 145 146 147 148 277
145 141 142 143 144 146 148 149 334 374
146 143 144 145 147 148 149 150
147 143 144 146 148 149 150 151
148 144 145 146 147 149 150 151 462
149 28 145 146 147 148 150 151 152 153
150 146 147 148 149 152 153 154 329 447
151 23 147 148 149 152 153 154 155
152 149 150 151 154 155 156 460
153 114 149 150 151 154 155 156 157
154 150 151 152 153 155 157 158
155 151 152 153 154 156 158 159
156 152 153 155 157 158 159 160 264 279
157 98 153 154 156 158 159 160 161 343 471
158 154 155 156 157 159 161 162 360
159 155 156 157 158 160 163 257 289 480
160 128 156 157 159 161 162 163 375
161 157 158 160 163 164 165 386 498
162 0 158 160 163 164 165 166
163 159 160 161 162 164 165 166 167
164 161 162 163 165 166 168 218
165 161 162 163 164 166 167 169
166 162 163 164 165 167 168 169 170
167 163 165 166 168 169 170 171 207
168 45 164 166 167 169 170 171 172 309 494
169 165 166 167 168 170 171 172 173
170 166 167 168 169 171 172 173 174
171 167 168 169 170 173 174 175 180 240
172 108 168 169 170 173 174 175 176
173 169 170 171 172 175 176 306
174 93 170 171 172 178
175 171 172 173 176 177 178 179
176 26 172 173 175 177 179 180 464
177 175 176 178 179 180 181 250 292
178 174 175 177 179 180 181 182
179 175 176 177 178 182 183 283 397
180 171 176 177 178 181 182 183 184
181 81 177 178 180 182 183 184 185
182 178 179 180 181 183 184 185 193
183 179 180 181 182 184 185 186 187
184 42 95 180 181 182 183 187 188 251 279 290
185 181 182 183 186 187 188 189 428
186 183 185 187 188 189 190 326
187 183 184 185 186 188 189 190 191
188 184 185 186 187 189 190 191 192
189 185 186 187 188 190 191 192 193 450
190 186 187 188 189 191 192 193 194 199
191 104 187 188 189 190 194 195 217
192 188 189 190 194 195 196 361
193 88 110 182 189 190 194 195 196 397
194 190 191 192 193 195 196 197 198 480
195 191 192 193 194 196 197 198 199
196 192 193 194 195 197 198 199 200
197 194 195 196 198 199 201 232 318
198 194 195 196 197 199 200 201 202
199 91 190 195 196 197 198 200 201 203 379
200 196 198 199 202 203 204
201 121 197 198 199 202 203 205
202 198 200 201 203 204 205 206
203 75 199 200 201 202 204 206 207 226 280
204 200 202 203 205 206 207 208 296
205 201 202 204 206 207 208 209
206 202 203 204 205 208 209 210 379
207 167 203 204 205 208 209 210 211
208 98 204 205 206 207 209 211 212 248 300
209 91 205 206 207 208 210 211 212 213
210 124 206 207 209 211 214 300
211 207 208 209 210 212 213 215
212 208 209 211 213 214 215 216 315
213 209 211 212 214 215 216 217
214 210 212 213 215 216 218 264
215 211 212 213 214 216 218 219 473
216 212 213 214 215 217 218 219 220
217 191 213 216 218 219 220 221 387 491
218 164 214 215 216 217 219 220 221 222
219 215 216 217 218 220 221 222 223 316
220 216 217 218 219 221 222 223 224 412
221 55 217 218 219 220 222 224 225
222 218 219 220 221 223 224 225 226
223 118 219 220 222 224 225 226
224 220 221 222 223 225 227 228
225 221 222 223 224 226 227 228 229
226 77 203 222 223 225 228 229 230 496
227 224 225 228 229 230 343
228 32 224 225 226 227 229 230 232
229 225 226 227 228 230 231 232 233 351 478
230 101 226 227 228 229 231 232 234 440
231 11 229 230 233 234 235 269
232 197 228 229 230 235 236 276
233 229 231 234 235 236 237
234 74 230 231 233 235 238
235 231 232 233 234 236 237 238 239 475
236 232 233 235 237 238 239 240
237 233 235 236 238 239 240 241 413
238 31 234 235 236 237 239 241 242 252
239 235 236 237 238 242 243 280 376
240 171 236 237 241 243 244
241 237 238 240 242 243 244 245
242 238 239 241 243 245 246 370 465
243 239 240 241 242 245 246 247 327
244 240 241 246 247 248
245 104 123 241 242 243 247 249 498
246 242 243 244 247 248 250 353
247 125 243 244 245 246 248 249 250 251
248 208 244 246 247 249 250 251 252 427
249 245 247 248 250 251 252 253 258
250 177 246 247 248 249 253 462
251 99 184 247 248 249 252 253 254 255 285 381
252 238 248 249 251 253 256
253 249 250 251 252 254 255 256 257
254 109 251 253 256 257 258 343
255 251 253 256 257 258 259 365
256 252 253 254 255 257 258 259 260 416 481
257 159 253 254 255 256 258 259 260
258 249 254 255 256 257 259 261 262 387
259 255 256 257 258 260 261 262 263
260 256 257 259 261 262 263 264
261 258 259 260 262 263 264 265
262 258 259 260 261 264 265
263 119 259 260 261 264 265 266 267 297
264 156 214 260 261 262 263 265 266 268
265 261 262 263 264 266 267 268 269
266 263 264 265 267 268 269 270
267 263 265 266 268 269 270 271
268 55 264 265 266 267 269 271
269 15 231 265 266 267 268 270 271 272 492
270 266 267 269 271 272 274 403
271 267 268 269 270 272 274 275
272 3 269 270 271 273 274 275 276 292
273 272 274 275 277 462 494
274 270 271 272 273 275 276 277 278 473
275 0 271 272 273 274 276 277 279
276 232 272 274 275 277 278 279 280
277 1 144 273 274 275 276 279 280 281
278 274 276 279 280 410 461
279 156 184 275 276 277 278 280 281 282
280 203 239 276 277 278 279 281 283 463 483
281 277 279 280 282 283 284 285
282 279 281 283 284 285 286 309 419
283 179 280 281 282 284 285 286 287
284 281 282 283 285 286 287 288 488
285 251 281 282 283 284 286 287 289
286 92 282 283 284 285 289 290
287 72 283 284 285 288 291
288 284 287 289 291 292
289 159 285 286 288 290 291 292 293 363
290 184 286 289 291 292 293 294 466
291 287 288 289 290 292 294 295 414
292 177 272 288 289 290 291 293 294 295 458
293 289 290 292 294 296 297 346 455
294 290 291 292 293 295 296 298 401
295 291 292 294 296 297 298 299
296 204 293 294 295 297 298 299 300
297 263 293 295 296 299 300 301 448
298 294 295 296 299 301 302 368
299 295 296 297 298 300 301 302 303 463
300 208 210 296 297 299 301 302 303 304 356 364
301 297 298 299 300 302 303 304 305
302 114 298 299 300 301 303 304 306
303 299 300 301 302 304 305 306 307
304 300 301 302 303 306 307
305 39 44 68 100 124 301 303 307 309
306 173 302 303 304 307 308 309 310 312 323
307 37 303 304 305 306 308 310 456
308 72 306 307 309 310 311 312 319 382 441
309 168 282 305 306 308 310 311 313
310 96 306 307 308 309 314
311 52 308 309 312 313 314
312 306 308 311 313 314 315 424
313 110 309 311 312 314 316 317 420
314 310 311 312 313 315 316 317 318 422
315 90 91 212 312 314 316 317 318 319
316 114 219 313 314 315 353 415
317 17 78 138 313 314 315 318 319 320 321 393
318 197 314 315 317 320 321 322
319 308 315 317 320 322 323 333 398 434
320 317 318 319 321 322 323 324 340
321 114 317 318 320 322 323 324 325
322 318 319 320 321 323 324 325 326
323 306 319 320 321 322 325 326 327
324 320 321 322 325 326 327 392 420 423 471
325 321 322 323 324 326 327 328 329
326 186 322 323 324 325 328 330 445
327 93 123 243 323 324 325 328 329 330 331
328 111 325 326 327 329 330 331 332
329 150 325 327 328 330 331 333
330 326 327 328 329 331 332 333 334
331 327 328 329 330 332 333 334 335
332 328 330 331 333 335 336 363 459
333 76 319 329 330 331 332 334 335 336
334 37 145 330 331 333 335 337 350 387
335 331 332 333 334 336 337 338 413
336 332 333 335 337 338 339 340 447
337 334 335 336 338 339 340 341
338 50 335 336 337 339 340 341 342
339 336 337 338 340 343 369 422
340 320 336 337 338 339 341 342 344 357
341 105 337 338 340 342 343 345
342 51 338 340 341 344 346 481
343 157 227 254 339 341 344 345 346 347 433 461
344 47 79 81 340 342 343 345 346 347 348
345 341 343 344 346 347 348 349 448
346 293 342 343 344 345 347 348 349 350
347 343 344 345 346 348 349 350 351 381
348 344 345 346 347 349 350 351 352
349 345 346 347 348 350 352 353
350 334 346 347 348 349 352 353 354
351 70 229 347 348 352 354 355 452
352 38 348 349 350 351 353 354 355 356
353 246 316 349 350 352 356 357 408
354 350 351 352 355 357 358 482
355 351 352 354 356 357 358 359
356 300 352 353 355 358 360 424
357 340 353 354 355 358 359 360 361
358 27 354 355 356 357 359 361 362
359 355 357 358 360 361 362 363
360 158 356 357 359 361 364
361 192 357 358 359 360 363 364 365
362 42 71 358 359 363 364 365 366 469 488
363 117 289 332 359 361 362 365
364 300 360 361 362 365 366 367 368
365 255 361 362 363 364 366 367 368 369
366 72 362 364 365 367 369 370 387 394
367 364 365 366 368 369 409 456
368 298 364 365 367 369 370 371 372
369 339 365 366 367 368 370 371 372 373
370 41 242 366 368 369 371 372 373
371 368 369 370 372 373 374 375 472 481
372 368 369 370 371 373 374 375 376
373 369 370 371 372 374 375 376 377 422 484
374 36 76 145 371 372 373 375 376 377
375 160 371 372 373 374 376 377 379
376 0 239 372 373 374 375 378 379 392
377 373 374 375 378 380 381 420
378 39 376 377 380 382
379 56 104 199 206 375 376 381 383
380 377 378 382 383 384 407
381 139 251 347 377 379 382 383 384 385
382 137 308 378 380 381 384 385 386
383 379 380 381 384 385 386 387
384 380 381 382 383 385 386 387 388
385 381 382 383 384 386 387 389
386 58 161 382 383 384 385 389 390
387 23 217 258 334 366 383 384 385 388 389 391
388 39 384 387 389 390 391 392 484
389 385 386 387 388 391 392 393
390 386 388 391 392 393 394 472
391 126 129 387 388 389 390 392 393
392 140 324 376 388 389 390 391 393 394 395 396
393 317 389 390 391 392 395 396
394 366 390 392 395 396 398 476
395 120 392 393 394 396 398
396 392 393 394 395 397 398 399 400
397 15 179 193 396 398 399 400 401
398 319 394 395 396 397 399 400 401 402 489
399 396 397 398 400 401 402 403 463
400 15 396 397 398 399 401 402 403
401 294 397 398 399 400 402 403 404 405
402 87 100 398 399 400 401 403 404 405
403 8 91 270 399 400 401 402 404 407
404 90 106 401 402 403 405 406
405 22 401 402 404 408 409
406 105 404 407 408 410
407 38 380 403 406 408 409 410 411 415
408 353 405 406 407 409 410 411 412
409 6 52 367 405 407 408 410 413
410 55 278 406 407 408 409 411 412 413 414
411 407 408 410 412 413 414 415
412 29 220 408 410 411 413 414 415 416
413 237 335 409 410 411 412 414 415 416 417
414 291 410 411 412 413 415 416 417 418
415 316 407 411 412 413 414 416 418 419 444
416 256 412 413 414 415 417 418
417 413 414 416 418 419 420 421
418 414 415 416 417 419 420 421 422
419 282 415 417 418 420 422 423
420 313 324 377 417 418 419 422 424
421 30 417 418 422 424 425 433
422 60 314 339 373 418 419 420 421 423
423 1 324 419 422 424 426 427
424 312 356 420 421 423 426
425 106 421 426 428 429 499
426 423 424 425 428 429 430
427 86 132 248 423 429 430 431 458
428 76 143 185 425 426 430 431 435 485
429 425 426 427 430 431 432 433 482
430 426 427 428 429 431 432 433
431 427 428 429 430 432 433 434 435
432 7 429 430 431 434 435 436
433 343 421 429 430 431 434 435 436
434 319 431 432 433 435 436 437 438
435 67 428 431 432 433 434 437 438 439 450
436 432 433 434 437 438 439 440 468
437 27 434 435 436 438 439 440
438 40 434 435 436 437 439 441 442
439 435 436 437 438 441 442 443
440 51 230 436 437 441 442 443 444
441 5 308 438 439 440 442 443 444 445
442 438 439 440 441 443 445 446
443 439 440 441 442 444 445 446 447
444 62 415 440 441 443 446 447
445 326 441 442 443 446 447 448 449 498
446 442 443 444 445 447 448 449
447 150 336 443 444 445 446 448 449 450
448 297 345 445 446 447 449 450 451 452
449 445 446 447 448 451 453
450 2 189 435 447 448 451 452 453 454
451 448 449 450 452 453 454 455
452 351 448 450 451 453 454 455 456 488
453 449 450 451 452 454 455 456 457
454 136 450 451 452 453 455 456 457
455 293 451 452 453 454 456 457 459
456 307 367 452 453 454 455 458 459
457 113 453 454 455 458 459 460 461
458 292 427 456 457 459 460 462
459 121 130 332 455 456 457 458 460 461 462 463
460 152 457 458 459 462 463 464 477
461 278 343 457 459 462 463 464 465
462 10 148 250 273 458 459 460 461 463 464 465 485
463 23 280 299 399 459 460 461 462 465 467
464 110 176 460 461 462 465 466 467 468
465 242 461 462 463 464 466 467 468 469 496
466 290 464 465 467 468 470
467 463 464 465 466 468 469 470 471
468 436 464 465 466 467 469 470 472
469 73 362 465 467 468 473
470 79 138 466 467 468 473 474
471 83 157 324 467 472 473 474 475
472 371 390 468 471 473 474 476
473 26 215 274 469 470 471 472 474 475 477
474 470 471 472 473 475 476 477 478
475 235 471 473 474 477 478 479
476 1 77 394 472 474 477 478 479 480
477 460 473 474 475 476 478 479 480 481
478 229 474 475 476 477 480 481
479 70 475 476 477 480 481
480 159 194 476 477 478 479 483 484
481 256 342 371 477 478 479 482 483 484 485
482 91 101 117 354 429 481 483 485 486
483 280 480 481 482 484 486 487
484 373 388 480 481 483 485 486 488
485 428 462 481 482 484 486 487 488 489
486 482 483 484 485 487 488 489 490
487 84 483 485 486 488 489 490 491
488 284 362 452 484 485 486 487 491 492
489 398 485 486 487 490 491 493
490 486 487 489 492 493
491 22 217 487 488 489 492 494 495
492 269 488 490 491 493 494 495
493 77 489 490 492 494 495 496 497
494 168 273 491 492 493 495 496 497 498
495 111 130 491 492 493 494 496 497 499
496 0 226 465 493 494 495 497 498 499
497 0 1 493 494 495 496 498 499
498 1 2 161 245 445 494 496 497 499
499 0 2 425 495 496 497 498
