0 1 2 3 4 23 29 57 174 275 497 499
1 0 2 3 4 422 497 498 499
2 0 1 3 5 6 229 427 499
3 0 1 2 4 5 6 7 112 499
4 0 1 3 5 6 7 8 375
5 2 3 4 6 8 9 102 361
6 2 3 4 5 7 8 9 421
7 3 4 6 8 9 11 20
8 4 5 6 7 9 10 12 183
9 5 6 7 8 10 11 12 13 214
10 8 9 11 12 13 14 424
11 7 9 10 12 13 14 15 416
12 8 9 10 11 13 14 120
13 9 10 11 12 14 15 16 17 46 103
14 10 11 12 13 15 16 17 18 118
15 11 13 14 16 17 18 398
16 13 14 15 17 18 19 20 89 493
17 13 14 15 16 18 19 20 21 82
18 14 15 16 17 19 21 22
19 16 17 18 20 21 22 23 179
20 7 16 17 19 21 23 169
21 17 18 19 20 22 23 24 25 348
22 18 19 21 23 24 25 134
23 0 19 20 21 22 24 25 26 27 143
24 21 22 23 25 26 27 28
25 21 22 23 24 27 28 466
26 23 24 27 29 247 256 358 394
27 23 24 25 26 28 29 30 31
28 24 25 27 29 30 31 119 314
29 0 26 27 28 30 31 32 424 490
30 27 28 29 31 32 33 34 64 346
31 27 28 29 30 32 33 34 35 438
32 29 30 31 33 34 35 36 339
33 30 31 32 34 35 36 37
34 30 31 32 33 35 37 38
35 31 32 33 34 37 38 39 255
36 32 33 37 39 46 446 483
37 33 34 35 36 38 39 98
38 34 35 37 39 40 41 42
39 35 36 37 38 40 41 42 43 285 489
40 38 39 41 43 44 84 86 331
41 38 39 40 42 43 44 45 278 353
42 38 39 41 43 44 45 46 89 346
43 39 40 41 42 44 45 46 47 93
44 40 41 42 43 45 46 47 48
45 41 42 43 44 47 48 49 217
46 13 36 42 43 44 47 49 50 81
47 43 44 45 46 49 50 51 136
48 44 45 49 50 51 52
49 45 46 47 48 52 53
50 46 47 48 51 52 53 65 209 343
51 47 48 50 52 54 55 276 321 416 455
52 48 49 50 51 54 55 56 334 488
53 49 50 54 55 56 57
54 51 52 53 55 56 57 183 271
55 51 52 53 54 56 58 59 326
56 52 53 54 55 57 58 59 60 339
57 0 53 54 56 58 59 60 61
58 55 56 57 59 60 62 94 449
59 55 56 57 58 60 61 62 63
60 56 57 58 59 61 62 64
61 57 59 60 62 63 64 65 237 310
62 58 59 60 61 65
63 59 61 64 66 67 114 360 478
64 30 60 61 63 65 66 67 348 410
65 50 61 62 64 66 67 68 69
66 63 64 65 67 68 69 70 329
67 63 64 65 66 69 70 71
68 65 66 69 70 71 72 311
69 65 66 67 68 70 71 73 279
70 66 67 68 69 71 72 73 74 332
71 67 68 69 70 73 74 75
72 68 70 73 75 76 132 210
73 69 70 71 72 75 76 77
74 70 71 75 76 77 197 416
75 71 72 73 74 76 77 78 79
76 72 73 74 75 77 78 79 80
77 73 74 75 76 78 79 80 81 352
78 75 76 77 80 81 82 298
79 75 76 77 80 81 82 83 169 247 468
80 76 77 78 79 81 82 83 104 262 277
81 46 77 78 79 80 83 84 85 158
82 17 78 79 80 84 86 252 278
83 79 80 81 84 86 87 204 214 355
84 40 81 82 83 86 87 88 380
85 81 87 88 227 324
86 40 82 83 84 87 88 278
87 83 84 85 86 88 89 90 461
88 84 85 86 87 89 90 91 92 276 425
89 16 42 87 88 90 91 93 202
90 87 88 89 91 93 94 319 349 384 442
91 88 89 90 93 102 309 333 395
92 88 94 96 160 216 324
93 43 89 90 91 94 95 97
94 58 90 92 93 95 97 98 288
95 93 94 96 97 99 269 429
96 92 95 98 99 100 360
97 93 94 95 99 100 101 387
98 37 94 96 99 100 101 131 194 290
99 95 96 97 98 100 101 103 197 471
100 96 97 98 99 101 103 104 140
101 97 98 99 100 102 104
102 5 91 101 103 104 106 139 249 422
103 13 99 100 102 104 105 106
104 80 100 101 102 103 106 108 211
105 103 106 107 108 109 249 389
106 102 103 104 105 107 108 109 110
107 105 106 110 111 190 363
108 104 105 106 109 110 111 112 424
109 105 106 108 110 111 112 113 247
110 106 107 108 109 111 112 113 114
111 107 108 109 110 112 113 114 115
112 3 108 109 110 111 113 115 116
113 109 110 111 112 114 115 116 117
114 63 110 111 113 115 116 117 118
115 111 112 113 114 117 119
116 112 113 114 117 118 120 280 298
117 113 114 115 116 118 119 120 121
118 14 114 116 117 119 120 121 122
119 28 115 117 118 120 121 122 123 460
120 12 116 117 118 119 123 124 363
121 117 118 119 122 123 124 125
122 118 119 121 123 124 125 126 224 277
123 119 120 121 122 124 125 126 127 218 487
124 120 121 122 123 125 126 127 128 253
125 121 122 123 124 126 127 128 129
126 122 123 124 125 127 128 129 130
127 123 124 125 126 128 129 130 131
128 124 125 126 127 129 130 132 441
129 125 126 127 128 130 131 132 133 138 141
130 126 127 128 129 133 134 236
131 98 127 129 132 133 134 444
132 72 128 129 131 133 134 135 136 285 317 351
133 129 130 131 132 134 135 136
134 22 130 131 132 133 135 137 138 397
135 132 133 134 137 174 235
136 47 132 133 137 138 139 140 332
137 134 135 136 139 140 410
138 129 134 136 140 141 142
139 102 136 137 140 141 142 143 151 389
140 100 136 137 138 139 141 142 143 144 393
141 129 138 139 140 143 144 145 343 355
142 138 139 140 144 145
143 23 139 140 141 144 145 146 147
144 140 141 142 143 146 147 148 447
145 141 142 143 146 147 148 342
146 143 144 145 147 149 203 348
147 143 144 145 146 148 149 151 416
148 144 145 147 149 150 151 152 180 283
149 146 147 148 150 151 152 153 351
150 148 149 151 152 153 154 192 289 341
151 139 147 148 149 150 152 153 154 155 369
152 148 149 150 151 153 154 155 156
153 149 150 151 152 154 155 157 322
154 150 151 152 153 155 157 158 445
155 151 152 153 154 156 157 158 159 186
156 152 155 157 158 159 160 227 476
157 153 154 155 156 158 159 160 161 337 341
158 81 154 155 156 157 159 161 162 263
159 155 156 157 158 160 161 162 163
160 92 156 157 159 161 163 164
161 157 158 159 160 162 164 165 435
162 158 159 161 163 165 166 223
163 159 160 162 164 165 166 167 247 286
164 160 161 163 165 166 167 168 204
165 161 162 163 164 167 168 169 234 410
166 162 163 164 167 169 170 198
167 163 164 165 166 168 169 170
168 164 165 167 169 170 171 172 287
169 20 79 165 166 167 168 170 171 172 173 192 223
170 166 167 168 169 172 173 174 247
171 168 169 172 173 174 175 308 369
172 168 169 170 171 174 175 176 319
173 169 170 171 174 177 184 404 473
174 0 135 170 171 172 173 177 178 234
175 171 172 176 177 179
176 172 175 177 178 179 180 310
177 173 174 175 176 178 179 180
178 174 176 177 179 180 181 182 280 346
179 19 175 176 177 178 180 181 182 183
180 148 176 177 178 179 181 182 184
181 178 179 180 182 184 185 225
182 178 179 180 181 183 184 185 186
183 8 54 179 182 184 185 187
184 173 180 181 182 183 185 186 187 188 248 340
185 181 182 183 184 186 380
186 155 182 184 185 187 189 230 329 488
187 183 184 186 188 189 190 191 406
188 184 187 189 191 192 384 403 484
189 186 187 188 190 191 192 193
190 107 187 189 191 192 193 194
191 187 188 189 190 192 193 194 195 263
192 150 169 188 189 190 191 194 195 207 229 347
193 189 190 191 194 195 197
194 98 190 191 192 193 195 196 198 378
195 191 192 193 194 196 197 198 199
196 194 195 197 198 199 200 263
197 74 99 193 195 196 198 199 200 201 458
198 166 194 195 196 197 200 201
199 195 196 197 200 201 202 203 269
200 196 197 198 199 202 204 496
201 197 198 199 202 203 204 205 258 311
202 89 199 200 201 204 205 206 274
203 146 199 201 204 205 206 207 341
204 83 164 200 201 202 203 205 206 208 315
205 201 202 203 204 206 207 208 209
206 202 203 204 205 208 209 210 377
207 192 203 205 209 228 302 408
208 204 205 206 209 210 211 212 249 370 476
209 50 205 206 207 208 210 211 212 213
210 72 206 208 209 211 212 213 235 398
211 104 208 209 210 212 213 214 215
212 208 209 210 211 213 215 216
213 209 210 211 212 214 216 478
214 9 83 211 213 215 216 217 338 475
215 211 212 214 217 218 219 368 379
216 92 212 213 214 217 218 219 220 399
217 45 214 215 216 218 219 220 368
218 123 215 216 217 219 221 479
219 215 216 217 218 220 221 222 223
220 216 217 219 221 222 224
221 218 219 220 222 223 224 225
222 219 220 221 223 225 226
223 162 169 219 221 222 225 227 286 454
224 122 220 221 226 227 228 320 326
225 181 221 222 223 226 227 228 229
226 222 224 225 227 228 229 230
227 85 156 223 224 225 226 228 230 370 441
228 207 224 225 226 227 229 230 231 232
229 2 192 225 226 228 230 231 233 377
230 186 226 227 228 229 232 233
231 228 229 232 233 234 235 413 477
232 228 230 231 233 234 236
233 229 230 231 232 234 235 236 292 412
234 165 174 231 232 233 235 236 237 265
235 135 210 231 233 234 236 238 239
236 130 232 233 234 235 237 238 239 240 249
237 61 234 236 238 240 241 363 393
238 235 236 237 239 240 241 242
239 235 236 238 240 241 242 243
240 236 237 238 239 242 243
241 237 238 239 243 244 245 388 454
242 238 239 240 243 244 245 246
243 239 240 241 242 245 246
244 241 242 245 246 247 250 326 398
245 241 242 243 244 246 247 248 434
246 242 243 244 245 248 250
247 26 79 109 163 170 244 245 250 251 476
248 184 245 246 249 250 251 252 269
249 102 105 208 236 248 250 252 253
250 244 246 247 248 249 251 252 253 254 403
251 247 248 250 252 254 392
252 82 248 249 250 251 253 254 255 444
253 124 249 250 252 254 256 257
254 250 251 252 253 255 256 257 258 331
255 35 252 254 256 257 258 314 348
256 26 253 254 255 257 258 259 260
257 253 254 255 256 258 259 261
258 201 254 255 256 257 259 426 478
259 256 257 258 260 261 262 263
260 256 259 262 263 264 321
261 257 259 262 263 264 421
262 80 259 260 261 263 264 265 266 361 474
263 158 191 196 259 260 261 262 264 265 372 379
264 260 261 262 263 265 266 267 268
265 234 262 263 264 267 269
266 262 264 267 269 270 400 467
267 264 265 266 268 269 270
268 264 267 270 271 272 360 445
269 95 199 248 265 266 267 270 271 273
270 266 267 268 269 271 272 273
271 54 268 269 270 272 273 274 275 427
272 268 270 271 273 274 275 276
273 269 270 271 272 274 275 276 277 313 380
274 202 271 272 273 275 276 277 317 429
275 0 271 272 273 274 277 279
276 51 88 272 273 274 277 278 279 280 331 396 407
277 80 122 273 274 275 276 279 280 281 329 367
278 41 82 86 276 282 308 372
279 69 275 276 277 281 282 436
280 116 178 276 277 281 282
281 277 279 280 282 284 294
282 278 279 280 281 283 284
283 148 282 284 286 351
284 281 282 283 285 286 287 288 474
285 39 132 284 286 287 288 289
286 163 223 283 284 285 287
287 168 284 285 286 288 289 290 291 421
288 94 284 285 287 290 291 292 493
289 150 285 287 290 291 292 293
290 98 287 288 289 291 293 294 363
291 287 288 289 290 292 293 294 295 370 419
292 233 288 289 291 293 294 295 296
293 289 290 291 292 294 295 296 297
294 281 290 291 292 293 296 297 298
295 291 292 293 296 297 298 299
296 292 293 294 295 297 298 299 300
297 293 294 295 296 298 299 300 301
298 78 116 294 295 296 297 299 300 301 302
299 295 296 297 298 300 301 302 303
300 296 297 298 299 301 302 303 304 376
301 297 298 299 300 302 303 304 305 458
302 207 298 299 300 301 303 305 306 335
303 299 300 301 302 304 305 306 307 387 436
304 300 301 303 305 306 308
305 301 302 303 304 306 307 308 309
306 302 303 304 305 307 308 309 310
307 303 305 306 308 309 310 402 418 429
308 171 278 304 305 306 307 309 310 311
309 91 305 306 307 308 310 311 312
310 61 176 306 307 308 309 312 314
311 68 201 308 309 312 313 314 338
312 309 310 311 315 316 359
313 273 311 315 316 317
314 28 255 310 311 315 316 318 467 494
315 204 312 313 314 316 318 319
316 312 313 314 315 317 318 319 320
317 132 274 313 316 318 319 320 356
318 314 315 316 317 319 320 321 322 438
319 90 172 315 316 317 318 320 321 322 339
320 224 316 317 318 319 321 322 323
321 51 260 318 319 320 323 324 325
322 153 318 319 320 324 325 374
323 320 321 324 325 326 327 328
324 85 92 321 322 323 325 326 327 388
325 321 322 323 324 326 327 328 329
326 55 224 244 323 324 325 327 328 329 330
327 323 324 325 326 328 329 330
328 323 325 326 327 329 330 331 332
329 66 186 277 325 326 327 328 330 332
330 326 327 328 329 331 332 333 334
331 40 254 276 328 330 332 333 335 385 427
332 70 136 328 329 330 331 334 428
333 91 330 331 334 335 336 337 450
334 52 330 332 333 336 337
335 302 331 333 336 337 338
336 333 334 335 337 338 339 340 414 495
337 157 333 334 335 336 339 340 341
338 214 311 335 336 340 342
339 32 56 319 336 337 342
340 184 336 337 338 341 342 344
341 150 157 203 337 340 342 344 345 481
342 145 338 339 340 341 344 345
343 50 141 344 345 346
344 340 341 342 343 345 346 347
345 341 342 343 344 346 347 348 349
346 30 42 178 343 344 345 347 348 349 350
347 192 344 345 346 348 349 351
348 21 64 146 255 345 346 347 350 351 352
349 90 345 346 347 350 352 353 383 416
350 346 348 349 352 353 354
351 132 149 283 347 348 352 354 355 389 489
352 77 348 349 350 351 353 354 355
353 41 349 350 352 354 355 356 357 410
354 350 351 352 353 355 356 357
355 83 141 351 352 353 354 356 357 358 359
356 317 353 354 355 357 358 359 360
357 353 354 355 356 358 359 360
358 26 355 356 357 359 360 361 362 428
359 312 355 356 357 358 360 361 362 363
360 63 96 268 356 357 358 359 362 363 364 367 445
361 5 262 358 359 364 365 445
362 358 359 360 363 364 365 366 402
363 107 120 237 290 359 360 362 365 366 367
364 360 361 362 365 366 367 368
365 361 362 363 364 366 367 368 369
366 362 363 364 365 367 380
367 277 360 363 364 365 366 368 371
368 215 217 364 365 367 371 372
369 151 171 365 370 371 372 373 477
370 208 227 291 369 372 373
371 367 368 369 372 373 374 375 461
372 263 278 368 369 370 371 373 374 375
373 369 370 371 372 374 376 377 454
374 322 371 372 373 375 377 378
375 4 371 372 374 376 378
376 300 373 375 379 380
377 206 229 373 374 378 379 381 414 480
378 194 374 375 377 379 380 381 382
379 215 263 376 377 378 381 382 383
380 84 185 273 366 376 378 381 383 384
381 377 378 379 380 382 383 384
382 378 379 381 384 385 488
383 349 379 380 381 384 385 386 387
384 90 188 380 381 382 383 386 387 388
385 331 382 383 386 388 389 480
386 383 384 385 387 388 389 390
387 97 303 383 384 386 388 390 391
388 241 324 384 385 386 387 389 390 391 392
389 105 139 351 385 386 388 390 391 392 482
390 386 387 388 389 391 392 394 401
391 387 388 389 390 392 393 394 395
392 251 388 389 390 391 393 394 396
393 140 237 391 392 394 395 396 397
394 26 390 391 392 393 395 396 397 398 481
395 91 391 393 394 396 397 398 399
396 276 392 393 394 395 397 399 400 483
397 134 393 394 395 396 399 400 401
398 15 210 244 394 395 400 402
399 216 395 396 397 400 401 403 414 478
400 266 396 397 398 399 401 402 403 404
401 390 397 399 400 402 403 404 405
402 307 362 398 400 401 403 404 405 406
403 188 250 399 400 401 402 405 406
404 173 400 401 402 405 406 407 408
405 401 402 403 404 406 408 409
406 187 402 403 404 405 407 408 409 410
407 276 404 406 409 410 411 496
408 207 404 405 406 409 411
409 405 406 407 408 410 411 412 413
410 64 137 165 353 406 407 409 413 414
411 407 408 409 412 413 414 415
412 233 409 411 413 414 415 416
413 231 409 410 411 412 414 415 416 417
414 336 377 399 410 411 412 413 416 418 454
415 411 412 413 416 417 418 419
416 11 51 74 147 349 412 413 414 415 417 418 420
417 413 415 416 418 419 420 421
418 307 414 415 416 417 419 420 421
419 291 415 417 418 422 423 439
420 416 417 418 421 422 423 424
421 6 261 287 417 418 420 423 424 425 429
422 1 102 419 420 423 424 425 426
423 419 420 421 422 424 425 426 427
424 10 29 108 420 421 422 423 426 427 428
425 88 421 422 423 427 428 429
426 258 422 423 424 427 428 429 430
427 2 271 331 423 424 425 426 430 431
428 332 358 424 425 426 430 431 432
429 95 274 307 421 425 426 430 431 433
430 426 427 428 429 431 432 433 434
431 427 428 429 430 432 433 434 435
432 428 430 431 433 434 435 436
433 429 430 431 432 434 435 436 437
434 245 430 431 432 433 435 437 438 465
435 161 431 432 433 434 436 437 438 439 446
436 279 303 432 433 435 437 438 440
437 433 434 435 436 438 439 440 441
438 31 318 434 435 436 437 439
439 419 435 437 438 440 441 442 443
440 436 437 439 441 442 443 444 479
441 128 227 437 439 440 442 443 444 445
442 90 439 440 441 443 445 446
443 439 440 441 442 445 446 447 487
444 131 252 440 441 447 448
445 154 268 360 361 441 442 443 447 448
446 36 435 442 443 447 448 449 450
447 144 443 444 445 446 448 449 450 451
448 444 445 446 447 449 450 451 452
449 58 446 447 448 450 451 452 453
450 333 446 447 448 449 451 452 453 454
451 447 448 449 450 452 453 454 455
452 448 449 450 451 453 454 455 456
453 449 450 451 452 454 455 456 457
454 223 241 373 414 450 451 452 453 455 457
455 51 451 452 453 454 456 458 459
456 452 453 455 457 459 460 487
457 453 454 456 458 459 460 461
458 197 301 455 457 459 460 461 462
459 455 456 457 458 460 461 462 463
460 119 456 457 458 459 461 462 464
461 87 371 457 458 459 460 462 463 464 465
462 458 459 460 461 463 464 465 466
463 459 461 462 464 465 466 467
464 460 461 462 463 465 466 467
465 434 461 462 463 464 466 467 468 469
466 25 462 463 464 465 467 468 469 470
467 266 314 463 464 465 466 468 469 470 472
468 79 465 466 467 469 470 471 472
469 465 466 467 468 471 472 473
470 466 467 468 471 472 473 474
471 99 468 469 470 472 473 474 475
472 467 468 469 470 471 473 474 475 476
473 173 469 470 471 472 475 476 477
474 262 284 470 471 472 476 477 478
475 214 471 472 473 478 479 486
476 156 208 247 472 473 474 477 479
477 231 369 473 474 476 479 480
478 63 213 258 399 474 475 479 480 482
479 218 440 475 476 477 478 480 481 482 483
480 377 385 477 478 479 481 483 484
481 341 394 479 480 482 483 484 485
482 389 478 479 481 483 484 485 486
483 36 396 479 480 481 482 485 486 487
484 188 480 481 482 485 488
485 481 482 483 484 486 487 488
486 475 482 483 485 487 488 490
487 123 443 456 483 485 486 489 490
488 52 186 382 484 485 486 489 490 491 492
489 39 351 487 488 490 491 492 493
490 29 486 487 488 489 491 492 493
491 488 489 490 492 493 494 495
492 488 489 490 491 493 494 495
493 16 288 489 490 491 492 494 495 496 497
494 314 491 492 493 495 496 497 498
495 336 491 492 493 494 496 497 499
496 200 407 493 494 495 497 498 499
497 0 1 493 494 495 496 498 499
498 1 494 496 497 499
499 0 1 2 3 495 496 497 498
