0 3 4 496 497 498 499
1 2 3 5 310 497 499
2 1 3 4 5 291 443 498 499
3 0 1 2 4 5 6 7 179 499
4 0 2 3 5 6 7 8 318
5 1 2 3 4 6 7 8 400
6 3 4 5 9 10 119 149 318 466
7 3 4 5 9 10 436
8 4 5 9 10 11 12 133 241
9 6 7 8 10 11 12 13 355 455
10 6 7 8 9 11 12 14 229
11 8 9 10 12 13 14 15 278
12 8 9 10 11 13 15 16 86 117 119 441
13 9 11 12 14 15 16 17
14 10 11 13 15 16 17 18 58 232
15 11 12 13 14 16 17 19 164 255
16 12 13 14 15 17 18 19 380
17 13 14 15 16 18 19 20 21
18 14 16 17 20 21 22 370 412 460
19 15 16 17 20 21 22 23
20 17 18 19 21 22 24 52
21 17 18 19 20 22 24 25
22 18 19 20 21 23 24 25 26 340
23 19 22 24 25 26 27 58 270 282 312
24 20 21 22 23 25 26 27 28 395
25 21 22 23 24 26 28 29 198
26 22 23 24 25 28 29 30 81
27 23 24 28 30 31
28 24 25 26 27 29 30 31 32
29 25 26 28 30 31 32 33
30 26 27 28 29 31 32 34 55 223
31 27 28 29 30 32 34 124
32 28 29 30 31 34 35 36 498
33 29 34 35 36 37 72 379
34 30 31 32 33 35 36 37 38
35 32 33 34 38 39 261 456
36 32 33 34 37 38 39 40
37 33 34 36 38 39 40 41 489
38 34 35 36 37 39 41 42
39 35 36 37 38 40 41 42 43 481
40 36 37 39 41 42 43 44 225
41 37 38 39 40 44 45 347
42 38 39 40 43 44 45 46 321 378
43 39 40 42 44 45 47 65
44 40 41 42 43 45 47 48 66 254 357
45 41 42 43 44 46 48 49 74 361
46 42 45 47 48 49 50 369
47 43 44 46 48 49 50 51
48 44 45 46 47 50 51 52
49 45 46 47 50 51 52 53 139 345 365
50 46 47 48 49 51 53 54 138
51 47 48 49 50 52 53 54 481
52 20 48 49 51 53 55 56
53 49 50 51 52 54 56 472
54 50 51 53 55 56 58 167 193
55 30 52 54 56 57 58 59
56 52 53 54 55 57 58 59 263
57 55 56 59 60 61 362 395
58 14 23 54 55 56 59 60 61
59 55 56 57 58 60 62 450 482
60 57 58 59 61 63 64 122 124 378
61 57 58 60 62 63 64 65 235 259
62 59 61 63 64 65 152 304
63 60 61 62 64 65 66 67 197 267
64 60 61 62 63 65 66 67 68
65 43 61 62 63 64 66 69 193 194
66 44 63 64 65 67 68 69 70
67 63 64 66 68 69 70 488
68 64 66 67 69 70 71 72 428
69 65 66 67 68 70 71 72 73 217
70 66 67 68 69 71 72 73 74
71 68 69 70 72 73 74 75
72 33 68 69 70 71 73 75 76
73 69 70 71 72 75 76 77 136 280
74 45 70 71 75 76 77 78 177
75 71 72 73 74 76 77 78 79
76 72 73 74 75 78 79 80 376
77 73 74 75 78 79 80 221 287 399
78 74 75 76 77 79 80 82 374
79 75 76 77 78 80 81 82 83
80 76 77 78 79 81 82 83 84
81 26 79 80 83 84 85
82 78 79 80 83 84 85 86 255
83 79 80 81 82 84 85 86 87 418
84 80 81 82 83 85 87 88 283
85 81 82 83 84 88 89
86 12 82 83 87 88 89 90 173
87 83 84 86 88 89 90 91 436
88 84 85 86 87 89 90 92 195 216 425
89 85 86 87 88 90 91 92
90 86 87 88 89 91 92 93 485
91 87 89 90 92 93 95 354 474
92 88 89 90 91 93 94 95 146 281 437
93 90 91 92 94 95 96 97
94 92 93 95 96 97 98 150 285 468
95 91 92 93 94 97 98 159
96 93 94 97 98 99 100 233 446 470
97 93 94 95 96 98 99 100 249
98 94 95 96 97 100 101 231 360 385 410
99 96 97 100 101 102 103 141
100 96 97 98 99 101 102 104 117
101 98 99 100 102 103 105
102 99 100 101 103 104 105 106
103 99 101 102 104 105 106 107
104 100 102 103 105 106 107 108 236 447
105 101 102 103 104 107 108 109
106 102 103 104 107 108 109 168 436
107 103 104 105 106 108 109 111
108 104 105 106 107 109 110 111 112 195 197
109 105 106 107 108 110 111 112 113 129
110 108 109 112 113 114 474
111 107 108 109 112 113 114 115 229
112 108 109 110 111 113 114 116
113 109 110 111 112 114 115 117
114 110 111 112 113 115 116 117
115 111 113 114 116 118 158 429
116 112 114 115 118 120 331 493
117 12 100 113 114 118 119 120 121 295
118 115 116 117 119 122 326
119 6 12 117 118 121 124 380
120 116 117 121 123 124 406
121 117 119 120 122 123 124 125 373
122 60 118 121 123 124 125 396
123 120 121 122 124 125 126
124 31 60 119 120 121 122 123 125 126 127 128 153 343
125 121 122 123 124 126 127 129
126 123 124 125 127 128 129 130
127 124 125 126 128 129 130 131 152 461
128 124 126 127 129 130 131 132 399 476 499
129 109 125 126 127 128 130 131 132 133 461
130 126 127 128 129 132 133 134
131 127 128 129 132 133 134 135 436
132 128 129 130 131 133 134 135 136
133 8 129 130 131 132 135 137 473
134 130 131 132 135 136 137 155 288
135 131 132 133 134 138 139 326 472
136 73 132 134 137 138 139 140 325 327 355
137 133 134 136 138 139 140 141
138 50 135 136 137 141
139 49 135 136 137 140 141 142 143 179
140 136 137 139 141 142 143 184
141 99 137 138 139 140 142 143 144 163 231
142 139 140 141 144 145 248 378 386 466
143 139 140 141 144 146 351
144 141 142 143 145 146 147 148 289
145 142 144 146 147 148 149 261 428
146 92 143 144 145 147 148 149 150
147 144 145 146 148 149 150 428
148 144 145 146 147 149 150 151 347
149 6 145 146 147 148 150 151 152 153
150 94 146 147 148 149 151 152 153 154
151 148 149 150 152 153 154 155 316 394
152 62 127 149 150 151 153 155 171 480
153 124 149 150 151 152 154 155 157 185 277
154 150 151 153 155 156 157 158
155 134 151 152 153 154 156 157
156 154 155 157 158 159 160 220
157 153 154 155 156 159 160 161 400
158 115 154 156 159 161 162
159 95 156 157 158 160 162 163 464
160 156 157 159 161 162 163 164 310
161 157 158 160 162 163 164 165
162 158 159 160 161 163 164 165 166
163 141 159 160 161 162 164 165 167
164 15 160 161 162 163 165 166 168
165 161 162 163 164 166 167 168 169
166 162 164 165 167 168 169 170
167 54 163 165 166 168 170 171 307 368
168 106 164 165 166 167 169 170 171 172 241
169 165 166 168 170 171 172 173
170 166 167 168 169 171 172 173 174
171 152 167 168 169 170 172 174 175 339 340
172 168 169 170 171 174 175 176 219
173 86 169 170 174 175 176 450
174 170 171 172 173 175 176 177 178 285
175 171 172 173 174 176 177 178
176 172 173 174 175 177 178 180 342
177 74 174 175 176 178 179 180 181
178 174 175 176 177 180 181 182
179 3 139 177 181 182 183 371 387
180 176 177 178 181 182 183 184
181 177 178 179 180 182 184 227
182 178 179 180 181 183 184 185 186
183 179 180 182 184 185 186 187 235 386 425
184 140 180 181 182 183 185 186 187 188 245
185 153 182 183 184 186 187 188
186 182 183 184 185 187 188 189 190 349
187 183 184 185 186 188 190 191
188 184 185 186 187 189 190 191 192
189 186 188 190 191 359 374 396 459
190 186 187 188 189 191 192 193 194 286
191 187 188 189 190 192 193 194 224 490
192 188 190 191 193 194 196 311
193 54 65 190 191 192 195 488
194 65 190 191 192 195 196 197
195 88 108 193 194 196 198 199
196 192 194 195 197 198 199 200
197 63 108 194 196 198 199 200 201
198 25 195 196 197 199 200 201 202 318
199 195 196 197 198 200 201 203 418 483
200 196 197 198 199 201 202 203 204 245
201 197 198 199 200 202 203 205 322
202 198 200 201 203 204 205 206
203 199 200 201 202 205 206 207 462
204 200 202 206 207 208 224 291 329
205 201 202 203 206 208 209 473
206 202 203 204 205 207 210
207 203 204 206 208 209 210 211 298 360
208 204 205 207 209 210 212 455
209 205 207 208 210 211 212 277 301 360 414
210 206 207 208 209 211 212 214
211 207 209 210 212 214 215 346
212 208 209 210 211 213 214 215 216
213 212 214 215 216 217 299 309
214 210 211 212 213 215 216 217
215 211 212 213 214 216 217 218
216 88 212 213 214 215 217 218 219
217 69 213 214 215 216 219 221
218 215 216 219 220 221 222 330
219 172 216 217 218 222 223 359 420
220 156 218 221 222 223 224 295 370
221 77 217 218 220 222 223 225 233 240 335 405
222 218 219 220 221 223 224 225 226
223 30 219 220 221 222 225 227
224 191 204 220 222 226 227 228
225 40 221 222 223 226 227 228 229 461
226 222 224 225 227 229 230 289 318 447
227 181 223 224 225 226 228 229 230 231
228 224 225 227 229 230 231 232
229 10 111 225 226 227 228 230 231 232 307
230 226 227 228 229 231 233 234 455
231 98 141 227 228 229 230 233 234 371
232 14 228 229 233 234 235 236
233 96 221 230 231 232 234 235 237
234 230 231 232 233 235 236 237 238 419
235 61 183 232 233 234 236 238 239 443
236 104 232 234 235 237 238 240
237 233 234 236 238 239 241 246 403 458
238 234 235 236 237 239 240 241 242 323
239 235 237 238 240 242 266
240 221 236 238 239 241 242 243 244
241 8 168 237 238 240 243 244 310
242 238 239 240 243 244 245 246
243 240 241 242 244 245 246 247
244 240 241 242 243 246 247 248 436
245 184 200 242 243 246 247 455 488
246 237 242 243 244 245 247 248 249 250
247 243 244 245 246 248 249 250 251
248 142 244 246 247 249 251 252
249 97 246 247 248 250 251 252 326 343
250 246 247 249 251 252 253 385 395
251 247 248 249 250 252 253 254 398 454
252 248 249 250 251 253 254 255 256
253 250 251 252 254 255 256 257
254 44 251 252 253 255 256 257 258
255 15 82 252 253 254 256 257 258 259
256 252 253 254 255 257 258 259 260
257 253 254 255 256 258 259 260 261
258 254 255 256 257 259 260 261 318 367
259 61 255 256 257 258 261 262 263
260 256 257 258 261 262 263 264
261 35 145 257 258 259 260 263 264 265
262 259 260 263 264 265 266
263 56 259 260 261 262 264 265 266 267
264 260 261 262 263 265 266 267 268 325
265 261 262 263 264 267 268 269
266 239 262 263 264 268 269 288
267 63 263 264 265 269 270 271 460
268 264 265 266 269 271 272 317 357
269 265 266 267 268 270 271 272 273 388 484
270 23 267 269 274 347 427 431
271 267 268 269 272 273 274 275
272 268 269 271 273 274 275 276 462
273 269 271 272 274 275 276 277 348
274 270 271 272 273 275 276 278
275 271 272 273 274 276 277 278 279
276 272 273 274 275 277 278 279 280
277 153 209 273 275 276 278 279 280 281
278 11 274 275 276 277 279 280 281 282
279 275 276 277 278 281 283 310
280 73 276 277 278 281 282 283 284 463
281 92 277 278 279 280 282 283 284
282 23 278 280 281 283 286
283 84 279 280 281 282 284 286
284 280 281 283 285 286 288 423
285 94 174 284 286 287 288 289 483
286 190 282 283 284 285 287 288 290 434
287 77 285 286 288 289 290 308
288 134 266 284 285 286 287 289 290 291 292
289 144 226 285 287 288 291 439 485
290 286 287 288 291 293 294 383
291 2 204 288 289 290 292 293 295 320
292 288 291 293 294 295 296
293 290 291 292 294 295 296 297
294 290 292 293 295 297 457
295 117 220 291 292 293 294 296 297 299
296 292 293 295 298 299 300 353
297 293 294 295 298 299 300 301
298 207 296 297 299 302 322
299 213 295 296 297 298 301 302 303 312
300 296 297 301 303 304 309
301 209 297 299 300 302 303 304 305 349
302 298 299 301 304 305 306 346 489
303 299 300 301 304 305 306 432
304 62 300 301 302 303 305 306 308
305 301 302 303 304 306 307 308 309
306 302 303 304 305 307 308 310 402
307 167 229 305 306 308 309 310 311 435
308 287 304 305 306 307 310 311 312
309 213 300 305 307 310 311 312 313
310 1 160 241 279 306 307 308 309 311 313 314
311 192 307 308 309 310 312 313 314 315
312 23 299 308 309 311 313 315
313 309 310 311 312 314 315 316 317
314 310 311 313 315 317
315 311 312 313 314 316 318 319 349
316 151 313 315 317 319 320 376
317 268 313 314 316 318 319 320 321
318 4 6 198 226 258 315 317 319 321 322 380 450
319 315 316 317 318 320 321 322 323
320 291 316 317 319 321 322 324 384
321 42 317 318 319 320 322 323 324
322 201 298 318 319 320 321 323 324 326
323 238 319 321 322 324 325 372 492
324 320 321 322 323 325 326 327
325 136 264 323 324 326 327 328 329 362 485
326 118 135 249 322 324 325 328 330
327 136 324 325 328 329 330 331
328 325 326 327 329 330 331 332 454
329 204 325 327 328 330 331 332 333
330 218 326 327 328 329 331 332 333 334
331 116 327 328 329 330 332 333 335
332 328 329 330 331 333 334 336 423
333 329 330 331 332 334 335 336 337 388 419
334 330 332 333 335 336 337 338
335 221 331 333 334 336 337 339
336 332 333 334 335 337 338 339 340
337 333 334 335 336 338 339
338 334 336 337 340 342
339 171 335 336 337 340 341 342 343
340 22 171 336 338 339 341 342 343 344 423
341 339 340 342 343 344 437 488 495
342 176 338 339 340 341 343 344 345 346 493
343 124 249 339 340 341 342 346 347
344 340 341 342 345 348 429
345 49 342 344 346 348 349
346 211 302 342 343 345 347 348 349 350 428
347 41 148 270 343 346 348 349
348 273 344 345 346 347 349 350 352 391
349 186 301 315 345 346 347 348 351 353 436
350 346 348 352 353 354
351 143 349 352 353 354 355 438
352 348 350 351 353 355 356
353 296 349 350 351 352 355 356 357
354 91 350 351 356 358 380 397
355 9 136 351 352 353 356 357 358 359
356 352 353 354 355 357 358 359 360
357 44 268 353 355 356 359 360 361 362
358 354 355 356 360 361 362 421
359 189 219 355 356 357 361 362 363 479
360 98 207 209 356 357 358 361 362 363 445
361 45 357 358 359 360 363 365 476
362 57 325 357 358 359 360 363 364 365 366
363 359 360 361 362 364 365 366 367
364 362 363 365 366 367 368
365 49 361 362 363 364 366 368 369
366 362 363 364 365 367 368 369
367 258 363 364 366 368 370 371 407 480
368 167 364 365 366 367 369 370 371
369 46 365 366 368 370 372 373 416
370 18 220 367 368 369 371 372 373 374
371 179 231 367 368 370 372 373 374 375
372 323 369 370 371 373 374 375 376 494
373 121 369 370 371 372 374 375 376 377
374 78 189 370 371 372 373 375 377 378
375 371 372 373 374 376 378 379 466
376 76 316 372 373 375 377 378 379 380 425 496
377 373 374 376 378 379 380 381
378 42 60 142 374 375 376 377 379 381
379 33 375 376 377 378 380 381 382 383
380 16 119 318 354 376 377 379 382 383 384 458
381 377 378 379 382 383 384 385
382 379 380 381 383 384 385
383 290 379 380 381 382 384 385 386 387
384 320 380 381 382 383 385 386 388
385 98 250 381 382 383 384 386 387 475
386 142 183 383 384 385 387 388 389 390
387 179 383 385 386 389 390 391
388 269 333 384 386 390 392 404
389 386 387 390 391 392 393
390 386 387 388 389 391 392 393 394
391 348 387 389 390 392 393 395 484
392 388 389 390 391 393 394 395 396
393 389 390 391 392 395 396 397
394 151 390 392 397 398 489
395 24 57 250 391 392 393 396 397
396 122 189 392 393 395 397 398 399 400
397 354 393 394 395 396 398 399 400 401
398 251 394 396 397 399 400 401 402 483
399 77 128 396 397 398 400 401 403
400 5 157 396 397 398 399 401 402 403
401 397 398 399 400 402 403 404
402 306 398 400 401 404 405 406
403 237 399 400 401 404 406 407 423
404 388 401 402 403 405 406 407 465
405 221 402 404 406 407 408 409
406 120 402 403 404 405 407 408 409 410
407 367 403 404 405 406 409 410 411
408 405 406 409 410 411 412
409 405 406 407 408 410 412 413
410 98 406 407 408 409 411 413 414
411 407 408 410 412 413 414 415
412 18 408 409 411 415 416
413 409 410 411 415 416 417
414 209 410 411 415 416 417 418
415 411 412 413 414 416 417 418 419
416 369 412 413 414 415 417 418 419
417 413 414 415 416 418 419 420 421
418 83 199 414 415 416 417 420 421 422 481
419 234 333 415 416 417 420 422
420 219 417 418 419 421
421 358 417 418 420 422 423 424
422 418 419 421 423 424 425 426
423 284 332 340 403 421 422 424 425 426 427
424 421 422 423 425 426 427 428 449
425 88 183 376 422 423 424 426 427 429
426 422 423 424 425 427 428 429 430
427 270 423 424 425 426 428 429 430 431
428 68 145 147 346 424 426 427 429 431 432
429 115 344 425 426 427 428 430 431 433
430 426 427 429 431 433 434
431 270 427 428 429 430 432 433 434 435
432 303 428 431 433 434 435 436 454
433 429 430 431 432 434 435 437 450
434 286 430 431 432 433 435 436 437
435 307 431 432 433 434 436 437 439
436 7 87 106 131 244 349 432 434 435 437 438 440
437 92 341 433 434 435 436 438 439 441
438 351 436 437 439 440 442
439 289 435 437 438 440 441 442 443
440 436 438 439 441 442 443 444
441 12 437 439 440 442 443 444 445
442 438 439 440 441 443 444 445 446
443 2 235 439 440 441 442 444 445 446 447
444 440 441 442 443 446 447 448
445 360 441 442 443 446 447 448 449
446 96 442 443 444 445 447 448 449 450 464
447 104 226 443 444 445 446 448 449 450 472
448 444 445 446 447 449 450 451 452
449 424 445 446 447 448 451 452 453
450 59 173 318 433 446 447 448 451 452 454 496
451 448 449 450 452 453 454 455
452 448 449 450 451 453 454 455 456
453 449 451 452 454 455 456 457
454 251 328 432 450 451 452 453 455 456 458
455 9 208 230 245 451 452 453 454 456 457 458
456 35 452 453 454 455 457 458 459 460
457 294 453 455 456 458 459 460
458 237 380 454 455 456 457 460 461 462
459 189 456 457 460 461 462 463 498
460 18 267 456 457 458 459 461 462 463 464
461 127 129 225 458 459 460 462 463 464 465
462 203 272 458 459 460 461 464 465 466
463 280 459 460 461 464 465 466 467
464 159 446 460 461 462 463 466 467 468
465 404 461 462 463 466 467 468 469
466 6 142 375 462 463 464 465 467 468 469 470
467 463 464 465 466 468 469 470 471
468 94 464 465 466 467 469 470 472
469 465 466 467 468 470 471 473
470 96 466 467 468 469 471 472 473
471 467 469 470 472 473 474 475
472 53 135 447 468 470 471 473 474 475 476
473 133 205 469 470 471 472 474 475 476 477
474 91 110 471 472 473 475 476 477 478
475 385 471 472 473 474 476 478 479
476 128 361 472 473 474 475 477 478 479 480
477 473 474 476 479 481
478 474 475 476 479 480 481 482
479 359 475 476 477 478 480 481 482 483
480 152 367 476 478 479 481 482 484
481 39 51 418 477 478 479 480 482 484
482 59 478 479 480 481 485 486
483 199 285 398 479 484 485 487
484 269 391 480 481 483 485 486 488
485 90 289 325 482 483 484 487 488
486 482 484 487 488 489 490
487 483 485 486 488 489 491
488 67 193 245 341 484 485 486 487 489 490 491 492
489 37 302 394 486 487 488 490 491 493
490 191 486 488 489 491 492 493 494
491 487 488 489 490 492 493 494 495
492 323 488 490 491 493 494 496
493 116 342 489 490 491 492 495 496 497
494 372 490 491 492 495 496 498
495 341 491 493 494 496 497 498
496 0 376 450 492 493 494 495 497 498
497 0 1 493 495 496 498 499
498 0 2 32 459 494 495 496 497 499
499 0 1 2 3 128 497 498
