0 1 2 3 4 454 496 497 499
1 0 2 3 4 5 497 498 499
2 0 1 3 4 5 6 347 498 499
3 0 1 2 4 5 6 7 499
4 0 1 2 3 7 8 42 429
5 1 2 3 6 7 8 45 446
6 2 3 5 7 8 9 10 86
7 3 4 5 6 8 9 10 11 224
8 4 5 6 7 9 10 12 143
9 6 7 8 11 13 239
10 6 7 8 11 12 13 14 399
11 7 9 10 12 13 14 15 19 291
12 8 10 11 13 14 16 44 46 493
13 9 10 11 12 14 15 16 17 425
14 10 11 12 13 15 16 17 18 93
15 11 13 14 16 17 18 19 227
16 12 13 14 15 18 20
17 13 14 15 18 19 20 21 145 284 317
18 14 15 16 17 19 20 21 22 126
19 11 15 17 18 21 22 23 116
20 16 17 18 21 22 23 24 159 203
21 17 18 19 20 22 23 24 25 265 427
22 18 19 20 21 23 24 26 53 83 127
23 19 20 21 22 24 26 27 39 197
24 20 21 22 23 25 26 27 28 366
25 21 24 26 29
26 22 23 24 25 28 29 30 222
27 23 24 28 29 30 31 251
28 24 26 27 29 30 32 304 423
29 25 26 27 28 30 33 42
30 26 27 28 29 31 32 33 34 44
31 27 30 34 146 391 444
32 28 30 33 34 35 36 257 461
33 29 30 32 35 36 37 359
34 30 31 32 35 36 37 38
35 32 33 34 36 37 38 39
36 32 33 34 35 37 39 40
37 33 34 35 36 38 39 40 96
38 34 35 37 39 41 215 353 431
39 23 35 36 37 38 40 42 51
40 36 37 39 41 42 43 44
41 38 40 45 296 424 447
42 4 29 39 40 46 151 417
43 40 44 45 46 277 287 414
44 12 30 40 43 45 46 47 48
45 5 41 43 44 46 47 171 174 453
46 12 42 43 44 45 47 49 50 440 478
47 44 45 46 48 49 50 139
48 44 47 50 51 52 199 371
49 46 47 52 53 143 367
50 46 47 48 51 52 53 54 179 200
51 39 48 50 52 54 55 95 335
52 48 49 50 51 54 55 276
53 22 49 50 55 56
54 50 51 52 55 57 58 245
55 51 52 53 54 56 57 196 384
56 53 55 57 58 233 323
57 54 55 56 58 59 60 61 463
58 54 56 57 60 61 62
59 57 60 61 63 257 457
60 57 58 59 61 62 63 140 347
61 57 58 59 60 62 63 65 170 212
62 58 60 61 63 64 65 66 176
63 59 60 61 62 64 65 66 67
64 62 63 65 66 67 68 172 396
65 61 62 63 64 66 67 68 69
66 62 63 64 65 67 69 70 110 301
67 63 64 65 66 68 69 70 71
68 64 65 67 69 70 71 72 479
69 65 66 67 68 70 71 72 73 462
70 66 67 68 69 71 72 73 74 298
71 67 68 69 70 72 73 74 75 334
72 68 69 70 71 73 74 75 76 165 372
73 69 70 71 72 75 76 77 85
74 70 71 72 75 76 77 134 182 374 406
75 71 72 73 74 76 77 78 79
76 72 73 74 75 77 79 80 372
77 73 74 75 76 78 79 80 81 318
78 75 77 79 81 82 352 495
79 75 76 77 78 81 82 83
80 76 77 82 83 84 120
81 77 78 79 82 83 84 85 213
82 78 79 80 81 84 85 157
83 22 79 80 81 85 86 138 173
84 80 81 82 85 87 88 148
85 73 81 82 83 84 86 87 88 89 310 341
86 6 83 85 87 89 90 482
87 84 85 86 90 91 104 316 326 491
88 84 85 89 90 91 92 161 270 413
89 85 86 88 90 91 92
90 86 87 88 89 91 93 94 160 472
91 87 88 89 90 92 93 94 95
92 88 89 91 94 95 96 129 422
93 14 90 91 94 95 96 97 303
94 90 91 92 93 95 96 97 180 277
95 51 91 92 93 94 96 97 98 99 100
96 37 92 93 94 95 98 100 371
97 93 94 95 99 101 184 446
98 95 96 99 100 101 102 215
99 95 97 98 100 102 250 361
100 95 96 98 99 101 102 103 104 118 141 276 277 424
101 97 98 100 102 103 104 105 136 356
102 98 99 100 101 103 104 105 106 404 414 470
103 100 101 102 104 105 107 266 341 473
104 87 100 101 102 103 106 108 414
105 101 102 103 106 108 109 417 428
106 102 104 105 107 108 109 110
107 103 106 108 109 110 111 469
108 104 105 106 107 110 112 252 383 413
109 105 106 107 110 112 113 276 333 405
110 66 106 107 108 109 111 112 113
111 107 110 114 115 131 328 427 463
112 108 109 110 114 115 396 427
113 109 110 114 115 116 117
114 111 112 113 115 117 381
115 111 112 113 114 116 117 118 119
116 19 113 115 117 118 119 120 299 391
117 113 114 115 116 118 119 120 121
118 100 115 116 117 119 120 121 122
119 115 116 117 118 120 121 122 397 492
120 80 116 117 118 119 121 122 123 124
121 117 118 119 120 122 123 124 125
122 118 119 120 121 123 124 125 226
123 120 121 122 124 125 126 127 241
124 120 121 122 123 125 126 127 128
125 121 122 123 124 126 127 128 129 460
126 18 123 124 125 127 128 130
127 22 123 124 125 126 128 129 130 131
128 124 125 126 127 129 130 132
129 92 125 127 128 130 131 132 314
130 126 127 128 129 132 133 134 209
131 111 127 129 132 133 134 135 148 208 366
132 128 129 130 131 133 134 135
133 130 131 132 134 135 136 137 174 418
134 74 130 131 132 133 135 136 137 169 294 461
135 131 132 133 134 136 137 138
136 101 133 134 135 137 139 140
137 133 134 135 136 138 140 141 321
138 83 135 137 139 140 142 330 473
139 47 136 138 140 141 176
140 60 136 137 138 139 143 144 200 201 232 334
141 100 137 139 142 143 144 145 155
142 138 141 144 145 146 285
143 8 49 140 141 144 145 146
144 140 141 142 143 145 147 148 300 318
145 17 141 142 143 144 146 148 149 212 308 497
146 31 142 143 145 147 148 149 150
147 144 146 149 151
148 84 131 144 145 146 150 152 180 205 497
149 145 146 147 150 151 152 153 214 266
150 146 148 149 151 154 250 286 349
151 42 147 149 150 152 153 154
152 148 149 151 153 155 310
153 149 151 152 154 155 156 157
154 150 151 153 155 157 158 267 418
155 141 152 153 154 156 157 159 476
156 153 155 157 158 159 230 234
157 82 153 154 155 156 158 160 177 411
158 154 156 157 159 162 260 322
159 20 155 156 158 160 161 163 192 268
160 90 157 159 161 163 164
161 88 159 160 162 163 165 213 398
162 158 161 163 164 165 166 320
163 159 160 161 162 164 165 166 167
164 160 162 163 165 166 168 342
165 72 161 162 163 164 167 169
166 162 163 164 168 169 170 405
167 163 165 169 232 302 417
168 164 166 169 170 171 279 413
169 134 165 166 167 168 170 171 172 173 346
170 61 166 168 169 172 173 174 188
171 45 168 169 172 173 174 175 218 287 303
172 64 169 170 171 173 174 176 250
173 83 169 170 171 172 175 176 177 328
174 45 133 170 171 172 175 176 177 178
175 171 173 174 176 177 199 461
176 62 139 172 173 174 175 177 178 180 311
177 157 173 174 175 176 179 180 183
178 174 176 179 181 182 421
179 50 177 178 181 182 183 185 309
180 94 148 176 177 181 183 184 299
181 178 179 180 184 185 386 455
182 74 178 179 183 184 186
183 177 179 180 182 186 206 441
184 97 180 181 182 185 186 187 188
185 179 181 184 186 187 189
186 182 183 184 185 187 188 189 190 438
187 184 185 186 188 190 191 229 354 390
188 170 184 186 187 189 190 191 192
189 185 186 188 190 191 192 193 325
190 186 187 188 189 191 193 295
191 187 188 189 190 192 193 194 195 296
192 159 188 189 191 195 196
193 189 190 191 194 195 448 466
194 191 193 195 196 197 198 346 432
195 191 192 193 194 196 197 198 199
196 55 192 194 195 197 198 199 200
197 23 194 195 196 198 199 200 201 338
198 194 195 196 197 199 200 201 202
199 48 175 195 196 197 198 200 201 202 203
200 50 140 196 197 198 199 201 202 204 386
201 140 197 198 199 200 202 203 204 205 352
202 198 199 200 201 203 204 205 206
203 20 199 201 202 204 205 206 207
204 200 201 202 203 205 206 207 208 268
205 148 201 202 203 204 206 207 208
206 183 202 203 204 205 209 210 464
207 203 204 205 208 209 210 392
208 131 204 205 207 210 211 212 429
209 130 206 207 210 211 283 489
210 206 207 208 209 211 213 214
211 208 209 210 212 213 214 380
212 61 145 208 211 214 215 332 381
213 81 161 210 211 214 215 265 311
214 149 210 211 212 213 216 217 451
215 38 98 212 213 216 217 219
216 214 215 217 219 220 225 255 270
217 214 215 216 218 219 220 221 430
218 171 217 219 220 221 222 400
219 215 216 217 218 220 222 464 479
220 216 217 218 219 221 222 223 224 346 470
221 217 218 220 223 224 225 480
222 26 218 219 220 223 224 225 226
223 220 221 222 225 227
224 7 220 221 222 226 227 228 457
225 216 221 222 223 227 228 229 248 287
226 122 222 224 227 228 229 230 293
227 15 223 224 225 226 229 230 231 412
228 224 225 226 229 230 231 232 349
229 187 225 226 227 228 230 231 232 361
230 156 226 227 228 229 231 232 233 384
231 227 228 229 230 232 233 234 235
232 140 167 228 229 230 231 233 234 235 236
233 56 230 231 232 234 235 236 237
234 156 231 232 233 235 236 238 382
235 231 232 233 234 236 237 238 239 446
236 232 233 234 235 238 239 240 399
237 233 235 238 239 240 241 372
238 234 235 236 237 239 240 241 242 487
239 9 235 236 237 238 241 242 398
240 236 237 238 241 242 243 244
241 123 237 238 239 240 242 243 244 245
242 238 239 240 241 243 244 245 246
243 240 241 242 244 245 246 247 400
244 240 241 242 243 247 248 264 482
245 54 241 242 243 246 247 248 249 287
246 242 243 245 247 249 250
247 243 244 245 246 248 249 251
248 225 244 245 247 249 250 251 252
249 245 246 247 248 250 253 349
250 99 150 172 246 248 249 251 253 254 299 364
251 27 247 248 250 252 253 254 255
252 108 248 251 253 254 255 256 365 489
253 249 250 251 252 254 255 256 257
254 250 251 252 253 255 256 257 258
255 216 251 252 253 254 256 257 258
256 252 253 254 255 257 258 260
257 32 59 253 254 255 256 258 259 260 261 449
258 254 255 256 257 259 260 261 262 332
259 257 258 260 261 262 263 318
260 158 256 257 258 259 261 262 263
261 257 258 259 260 262 263 264 265 355
262 258 259 260 261 264 265 266
263 259 260 261 264 267
264 244 261 262 263 265 267 268
265 21 213 261 262 264 266 269 312
266 103 149 262 265 267 269 493
267 154 263 264 266 268 269 270 271 367
268 159 204 264 267 269 271 272 429 498
269 265 266 267 268 270 271 272 273
270 88 216 267 269 271 272 273 274
271 267 268 269 270 272 273 274 275
272 268 269 270 271 273 274 275 276
273 269 270 271 272 274 275 277
274 270 271 272 273 275 276 277 278 396
275 271 272 273 274 276 278 279
276 52 100 109 272 274 275 277 278 279 280
277 43 94 100 273 274 276 278 279 280 281
278 274 275 276 277 279 281 297
279 168 275 276 277 278 281 282 288 412
280 276 277 281 282 283 284
281 277 278 279 280 282 284 285 498
282 279 280 281 283 285 286 489
283 209 280 282 284 285 286 287
284 17 280 281 283 285 286 287 288 304
285 142 281 282 283 284 287 288
286 150 282 283 284 287 288 289 290 324
287 43 171 225 245 283 284 285 286 288 289 393
288 279 284 285 286 287 290 291 292
289 286 287 290 291 292 293 422
290 286 288 289 291 292 293 294
291 11 288 289 290 293 294 295
292 288 289 290 293 294 296 305 309
293 226 289 290 291 292 295 296 297
294 134 290 291 292 295 296 297 298
295 190 291 293 294 296 297 298 299 377
296 41 191 292 293 294 295 297 299 300
297 278 293 294 295 296 298 299 300 301 484
298 70 294 295 297 300 301 302 306 409
299 116 180 250 295 296 297 301 302 303
300 144 296 297 298 301 302 303 304 407
301 66 297 298 299 300 302 304 305
302 167 298 299 300 301 303 304 305 306
303 93 171 299 300 302 305 306 357 405
304 28 284 300 301 302 305 306 307 308
305 292 301 302 303 304 308 309 402 444
306 298 302 303 304 307 308 310 321
307 304 306 308 309 311 494 498
308 145 304 305 306 307 309 310 311 312
309 179 292 305 307 308 310 312 313
310 85 152 306 308 309 311 312 313 314
311 176 213 307 308 310 313 315 469
312 265 308 309 310 313 314 315 316
313 309 310 311 312 314 315 316 490
314 129 310 312 313 315 316 317 318 326
315 311 312 313 314 318 319
316 87 312 313 314 318 319 451
317 17 314 318 319 320 321 403 457
318 77 144 259 314 315 316 317 320 442
319 315 316 317 320 321 322 323
320 162 317 318 319 321 322 323 324
321 137 306 317 319 320 322 324
322 158 319 320 321 323 324 325 326
323 56 319 320 322 324 325 326 327 364
324 286 320 321 322 323 325 326 328
325 189 322 323 324 327 328 329 397 431
326 87 314 322 323 324 327 328 329 330
327 323 325 326 329 330 331
328 111 173 324 325 326 329 330 331 332
329 325 326 327 328 330 331 332 333
330 138 326 327 328 329 331 332 333 334
331 327 328 329 330 332 333 334 335
332 212 258 328 329 330 331 333 334 335 336
333 109 329 330 331 332 335 336 337 388 421
334 71 140 330 331 332 337 338
335 51 331 332 333 336 337 339
336 332 333 335 337 338 339 340
337 333 334 335 336 338 340 341
338 197 334 336 337 339 340 341 342
339 335 336 338 340 342 343
340 336 337 338 339 341 342 343 344 385
341 85 103 337 338 340 342 343 344
342 164 338 339 340 341 343 344 345
343 339 340 341 342 344 345 347 457
344 340 341 342 343 345 346 347 348 487
345 342 343 344 347 348 349 433
346 169 194 220 344 348 349 350 390 477
347 2 60 343 344 345 348 349 350 449
348 344 345 346 347 349 350 351 352 477
349 150 228 249 345 346 347 348 351 353
350 346 347 348 351 353 354
351 348 349 350 352 353 354 355
352 78 201 348 351 353 355 356
353 38 349 350 351 352 354 355 356 357
354 187 350 351 353 355 357
355 261 351 352 353 354 357 358 359
356 101 352 353 357 359 360
357 303 353 354 355 356 358 359 360 361
358 355 357 359 360 361 362 488
359 33 355 356 357 358 360 361 362 363
360 356 357 358 359 361 362 363 364 463
361 99 229 357 358 359 360 362 363 365
362 358 359 360 361 363 364 365 366
363 359 360 361 362 364 365 366 367 376
364 250 323 360 362 363 368 386
365 252 361 362 363 366 368 369
366 24 131 362 363 365 367 369 370
367 49 267 363 366 368 369 370 371
368 364 365 367 369 370 372 455
369 365 366 367 368 370 371 372
370 366 367 368 369 371 372 373
371 48 96 367 369 370 372 373 375 485
372 72 76 237 368 369 370 371 373 375 376 451
373 370 371 372 374 375 376 443
374 74 373 376 377 460
375 371 372 373 377 378 379 439 449
376 363 372 373 374 378 379 380 430 463
377 295 374 375 378 379 380
378 375 376 377 379 380 381 382
379 375 376 377 378 381 382 383
380 211 376 377 378 381 382 425 431
381 114 212 378 379 380 382 383 384 385
382 234 378 379 380 381 383 384 385 386
383 108 379 381 382 384 386 387 464
384 55 230 381 382 383 385 386 387
385 340 381 382 384 387 388 389 445
386 181 200 364 382 383 384 387 388 389 390
387 383 384 385 386 389 391
388 333 385 386 389 390 392 475
389 385 386 387 388 390 391 392 393
390 187 346 386 388 389 392 393 394
391 31 116 387 389 392 393 394 395 431 489
392 207 388 389 390 391 393 394 395 396
393 287 389 390 391 392 394 395 464
394 390 391 392 393 395 396 397 398
395 391 392 393 394 396 398 399
396 64 112 274 392 394 395 398 399
397 119 325 394 398 399 401 479
398 161 239 394 395 396 397 399 400 402
399 10 236 395 396 397 398 400 403
400 218 243 398 399 401 402 403 404
401 397 400 402 403 404
402 305 398 400 401 403 405 471
403 317 399 400 401 402 405 407
404 102 400 401 405 408 433
405 109 166 303 402 403 404 406 407 408
406 74 405 407 408 410 494
407 300 403 405 406 408 409 410 411
408 404 405 406 407 409 410 411 412 462
409 298 407 408 410 411 437
410 406 407 408 409 411
411 157 407 408 409 410 412 413 414 415
412 227 279 408 411 413 414 415 416
413 88 108 168 411 412 414 415 416 417 442
414 43 102 104 411 412 413 415 416 417 418 437 441
415 411 412 413 414 416 417 418 419
416 412 413 414 415 417 418 419 420
417 42 105 167 413 414 415 416 419 420 421
418 133 154 414 415 416 419 421 422
419 415 416 417 418 420 421 423
420 416 417 419 421 422 423 424
421 178 333 417 418 419 420 422 424 425
422 92 289 418 420 421 423 424 425 426
423 28 419 420 422 425 426 427
424 41 100 420 421 422 425 426 427 452 459
425 13 380 421 422 423 424 426 427 429
426 422 423 424 425 428 429 430
427 21 111 112 423 424 425 428 429 430 431
428 105 426 427 429 431 432
429 4 208 268 425 426 427 428 430 431 432 433
430 217 376 426 427 429 431 432 433
431 38 325 380 391 427 428 429 430 432 433 434 435
432 194 428 429 430 431 433 434 435 436
433 345 404 429 430 431 432 434 436
434 431 432 433 435 436 437 438
435 431 432 434 436 437 438 439 459
436 432 433 434 435 437 438 439 440
437 409 414 434 435 436 438 439 440
438 186 434 435 436 437 439 441 442
439 375 435 436 437 438 442 443
440 46 436 437 441 442 443
441 183 414 438 440 442 443 444 445
442 318 413 438 439 440 441 443 444 445 446
443 373 439 440 441 442 444 445 446 447
444 31 305 441 442 443 447 448 482
445 385 441 442 443 446 447 448 449
446 5 97 235 442 443 445 447 448 449 450
447 41 443 444 445 446 448 449 450 451
448 193 444 445 446 447 450 451 452
449 257 347 375 445 446 447 450 451
450 446 447 448 449 451 453 454
451 214 316 372 447 448 449 450 452 453 455
452 424 448 451 453 454 455 456
453 45 450 451 452 454 455 456 457
454 0 450 452 453 455 456 457 458
455 181 368 451 452 453 454 456 459
456 452 453 454 455 457 458 459 460
457 59 224 317 343 453 454 456 458 459 460
458 454 456 457 459 460 461 462
459 424 435 455 456 457 458 461 462 463
460 125 374 456 457 458 461 464
461 32 134 175 458 459 460 463 464 465
462 69 408 458 459 463 465 466
463 57 111 360 376 459 461 462 465 466 467
464 206 219 383 393 460 461 466 467 468
465 461 462 463 466 467 468 469 477
466 193 462 463 464 465 467 468 469 470
467 463 464 465 466 468 469 470 471
468 464 465 466 467 469 470 471
469 107 311 465 466 467 468 470 472 473 489
470 102 220 466 467 468 469 473 478
471 402 467 468 472 474 475
472 90 469 471 473 474 475 476
473 103 138 469 470 472 475 477
474 471 472 475 476 478
475 388 471 472 473 474 477 478 479
476 155 472 474 477 478 479 480
477 346 348 465 473 475 476 480 481
478 46 470 474 475 476 479 480 481 482
479 68 219 397 475 476 478 480 481 483
480 221 476 477 478 479 481 482 484
481 477 478 479 480 482 483 484 485
482 86 244 444 478 480 481 483 485 486
483 479 481 482 484 485 486 487
484 297 480 481 483 485 486 488
485 371 481 482 483 484 486 488 489
486 482 483 484 485 487 488 490
487 238 344 483 486 488 489
488 358 484 485 486 487 489 490 491 492
489 209 252 282 391 469 485 487 488 490 492
490 313 486 488 489 491 492 493
491 87 488 490 492 493 495
492 119 488 489 490 491 495 496
493 12 266 490 491 494 495
494 307 406 493 495 496 497
495 78 491 492 493 494 496 498 499
496 0 492 494 495 497 498 499
497 0 1 145 148 494 496 499
498 1 2 268 281 307 495 496 499
499 0 1 2 3 495 496 497 498
