0 2 3 4 115 181 282 393 497 498 499
1 2 3 4 5 497 498 499
2 0 1 4 5 6 499
3 0 1 4 6 7 257 493 497 499
4 0 1 2 3 5 6 7 8 249 364
5 1 2 4 6 7 8 9 284 456
6 2 3 4 5 7 8 91 234 292
7 3 4 5 6 8 9 10 11 200
8 4 5 6 7 9 10 11 12
9 5 7 8 10 11 12 13 121
10 7 8 9 11 12 14 363 487
11 7 8 9 10 12 13 14 15
12 8 9 10 11 13 14 15 62 497
13 9 11 12 14 16 73 105 117 323
14 10 11 12 13 15 16 17 18 308
15 11 12 14 16 17 18 19 45
16 13 14 15 19 157 209 297
17 14 15 18 19 20 21 25 171
18 14 15 17 19 20 21 22 358
19 15 16 17 18 21 22 23 163
20 17 18 21 22 23 24 329
21 17 18 19 20 22 24 119 397 455
22 18 19 20 21 23 24 25 26 276 450
23 19 20 22 25 26 27 263 498
24 20 21 22 25 26 27 28 192 428
25 17 22 23 24 26 27 28 29 257
26 22 23 24 25 27 28 29 30
27 23 24 25 26 28 29 30 31 454
28 24 25 26 27 29 30 31 32
29 25 26 27 28 30 31 201 214 437
30 26 27 28 29 31 32 33 34
31 27 28 29 30 32 33 34 35
32 28 30 31 33 34 35 36
33 30 31 32 34 35 81 103 403
34 30 31 32 33 35 38 44 122 225 469
35 31 32 33 34 36 38 39 191 277 387
36 32 35 37 38 39 40 323 359
37 36 38 40 41 416
38 34 35 36 37 39 40 41 42 356 366
39 35 36 38 40 41 147 212
40 36 37 38 39 41 42 44 286
41 37 38 39 40 42 43 44 185 262 455
42 38 40 41 43 44 45 46 174
43 41 42 44 45 46 225 245 265
44 34 40 41 42 43 45 46 47 48 240
45 15 42 43 44 46 47 48 49 65 299 329
46 42 43 44 45 47 48 49 50 217
47 44 45 46 48 50 51 142 351
48 44 45 46 47 49 50 51 83 361
49 45 46 48 50 51 52 53
50 46 47 48 49 51 52 53 424
51 47 48 49 50 52 53 54 55 205 400 424
52 49 50 51 53 55 56 471
53 49 50 51 52 54 55 56
54 51 53 55 56 57 58 128 248 496
55 51 52 53 54 56 59 92 132
56 52 53 54 55 57 58 59 60 340
57 54 56 58 59 60 61 328
58 54 56 57 59 60 61 62
59 55 56 57 58 60 61 62 63 300
60 56 57 58 59 61 62 63 64
61 57 58 59 60 62 63 64 65
62 12 58 59 60 61 64 66
63 59 60 61 64 65 66 67
64 60 61 62 63 65 66 67 68 289 298
65 45 61 63 64 68 211 482
66 62 63 64 67 68 69
67 63 64 66 70 71 274
68 64 65 66 70 71 72 270
69 66 70 71 72 73 156 227
70 67 68 69 72 73 74 469
71 67 68 69 73 74 75 253 373
72 68 69 70 73 74 75 76
73 13 69 70 71 72 74 75 77 286
74 70 71 72 73 75
75 71 72 73 74 76 77 78 79 82 121
76 72 75 77 78 80 424 433 442
77 73 75 76 78 79 80 81 455
78 75 76 77 79 80 81 82 460
79 75 77 78 80 81 82 213 252
80 76 77 78 79 81 82 83 84
81 33 77 78 79 80 85 95
82 75 78 79 80 84 85 86 411
83 48 80 84 85 86 87 229 498
84 80 82 83 85 87 88 220
85 81 82 83 84 86 87 89 485
86 82 83 85 87 88 89 90 171
87 83 84 85 86 88 89 91 294
88 84 86 87 89 90 91 92 98 263
89 85 86 87 88 90 92 93 170
90 86 88 89 91 92 93 246 394 431
91 6 87 88 90 92 94 141 302 331
92 55 88 89 90 91 93 94 95 119
93 89 90 92 94 95 96 97 138 352
94 91 92 93 95 96 98 129 184
95 81 92 93 94 96 97 99
96 93 94 95 97 98 100
97 93 95 96 98 99 101 150 168
98 88 94 96 97 99 100 101 102
99 95 97 98 100 101 102 103 132 175 367
100 96 98 99 103 104 112 475 490
101 97 98 99 102 104 105 146 306 375
102 98 99 101 103 104 105 106
103 33 99 100 102 104 105 245 308
104 100 101 102 103 105 106 107 108 116 212
105 13 101 102 103 104 106 107 108 109 163
106 102 104 105 108 109 194
107 104 105 109 111 479
108 104 105 106 109 111 186 187 454
109 105 106 107 108 111 112 113 330 374 422
110 113 408 442
111 107 108 109 112 113 115 153 321 397
112 100 109 111 113 114 115 116 168 186 204
113 109 110 111 112 114 115 116 117 125
114 112 113 115 116 117 118 161 420
115 0 111 112 113 114 116 117 118 119 465
116 104 112 113 114 115 117 118 120
117 13 113 114 115 116 119 120 121 381
118 114 115 116 119 120 121 122 217 388
119 21 92 115 117 118 120 122 123 230 420
120 116 117 118 119 121 122 123 124
121 9 75 117 118 120 123 124 125 445
122 34 118 119 120 123 124 125 126 301
123 119 120 121 122 124 125 126 127 496
124 120 121 122 123 125 126 127 128
125 113 121 122 123 124 126 127 128 129 265 345
126 122 123 124 125 127 128 130 353
127 123 124 125 126 129 130 131 161
128 54 124 125 126 129 130 131
129 94 125 127 128 130 131 133 381
130 126 127 128 129 131 132 134 286 384
131 127 128 129 130 133 134 135 273 432
132 55 99 130 133 134 135 136
133 129 131 132 134 135 136 349
134 130 131 132 133 135 390
135 131 132 133 134 136 137 138 139
136 132 133 135 137 139 140 186 381
137 135 136 139 141 172
138 93 135 139 140 142
139 135 136 137 138 140 141 142 143
140 136 138 139 142 143 306 413
141 91 137 139 143 144 145 212 271 364
142 47 138 139 140 143 400
143 139 140 141 142 144 146 147
144 141 143 145 146 147 279 334 497
145 141 144 147 148 149 151 327
146 101 143 144 147 148 149 205 353
147 39 143 144 145 146 148 149 150 151 287
148 145 146 147 149 150 151 368 400
149 145 146 147 148 150 151 152 153
150 97 147 148 149 151 152 261 302
151 145 147 148 149 150 152 153 154 155
152 149 150 151 153 154 156 214 236
153 111 149 151 152 154 155 156 157 257
154 151 152 153 155 156 157 158 420
155 151 153 154 156 157 158 159
156 69 152 153 154 155 157 158 159 160
157 16 153 154 155 156 158 159 160 212
158 154 155 156 157 159 160 161 351
159 155 156 157 158 160 161 162 163 398
160 156 157 158 159 161 162 164 289 450
161 114 127 158 159 160 162 163 164 165 209
162 159 160 161 163 164 165 166 217 458
163 19 105 159 161 162 164 165 166 167
164 160 161 162 163 165 166 167 290 371
165 161 162 163 164 166 167 168 169 283 377
166 162 163 164 165 167 168 169 170 219
167 163 164 165 166 168 169 170
168 97 112 165 166 167 169 170 172 331
169 165 166 167 168 171 172 173 245
170 89 166 167 168 171 172 174 326
171 17 86 169 170 172 173 174 175 328
172 137 168 169 170 171 173 174 176
173 169 171 172 174 175 176 177
174 42 170 171 172 173 177 178
175 99 171 173 176 177 178 179
176 172 173 175 178 179 180 418
177 173 174 175 179 180 181 207
178 174 175 176 179 181 182 360
179 175 176 177 178 180 182 183
180 176 177 179 182 183 184 344
181 0 177 178 182 183 185 200 318 338
182 178 179 180 181 183 184 185 186 302
183 179 180 181 182 185 186 354 451
184 94 180 182 185 188 373 399
185 41 181 182 183 184 186 188 214 430
186 108 112 136 182 183 185 188 190 368
187 108 189 190 191 412 415
188 184 185 186 189 190 191 192 358
189 187 188 190 193 253 347
190 186 187 188 189 191 192 193 194
191 35 187 188 190 192 193 195 418
192 24 188 190 191 193 194 195 196
193 189 190 191 192 196 197 268 336 481
194 106 190 192 195 196 197 198 347 381
195 191 192 194 196 197 198 199
196 192 193 194 195 199 200 475
197 193 194 195 199 200 201 227
198 194 195 199 200 201 202 259
199 195 196 197 198 201 219
200 7 181 196 197 198 201 202 203
201 29 197 198 199 200 202 203 204 205 216
202 198 200 201 204 366 383 496
203 200 201 205 206 207 236
204 112 201 202 205 207 208 389
205 51 146 201 203 204 207 208
206 203 207 208 209 210 247 251 253 274
207 177 203 204 205 206 208 209 211 271
208 204 205 206 207 209 210 211 212 369 467
209 16 161 206 207 208 211 213
210 206 208 211 212 213 214 413
211 65 207 208 209 210 213 215
212 39 104 141 157 208 210 213 215
213 79 209 210 211 212 214 215 217 390
214 29 152 185 210 213 215 216 217 218
215 211 212 213 214 217 218 219 468
216 201 214 217 218 219 220
217 46 118 162 213 214 215 216 218 221
218 214 215 216 217 219 220 222 292
219 166 199 215 216 218 220 221 222 223 238
220 84 216 218 219 221 224 331
221 217 219 220 222 223 224 225 285
222 218 219 221 223 224 225 497
223 219 221 222 224 225 226 368
224 220 221 222 223 225 226 227 228 433
225 34 43 221 222 223 224 226 228 229
226 223 224 225 227 228 229 230 414
227 69 197 224 226 228 230 231 469
228 224 225 226 227 229 230 231 232
229 83 225 226 228 230 231 232 233
230 119 226 227 228 229 231 232 233
231 227 228 229 230 233 234 282
232 228 229 230 233 234 235 236 275 279 405 420
233 229 230 231 232 235 236 237
234 6 231 232 235 236 237
235 232 233 234 236 237 238 239
236 152 203 232 233 234 235 237 238 239 240 411
237 233 234 235 236 238 239 240 241
238 219 235 236 237 240 241 242
239 235 236 237 241 242 243 292 388 425 448
240 44 236 237 238 241 242 243
241 237 238 239 240 242 243 245 333 351
242 238 239 240 241 243 244 245 246
243 239 240 241 242 244 246 247 421
244 242 243 245 246 247 248 354 429
245 43 103 169 241 242 244 247 248 249 480
246 90 242 243 244 248 249 250
247 206 243 244 245 248 249 250 251 417
248 54 244 245 246 247 249 252 374
249 4 245 246 247 248 250 251 252 253 497
250 246 247 249 251 252 253 254
251 206 247 249 250 252 253 254 466
252 79 248 249 250 251 254 255 256 494
253 71 189 206 249 250 251 254 255 256 257
254 250 251 252 253 256 257 258 489
255 252 253 257 258 259
256 252 253 254 257 258 259 260 314
257 3 25 153 253 254 255 256 259 261
258 254 255 256 259 260 262 419 468
259 198 255 256 257 258 260 261 262
260 256 258 259 261 262 263 316
261 150 257 259 260 263 265
262 41 258 259 260 263 264 265 266 311
263 23 88 260 261 262 264 266 267
264 262 263 265 266 267 268 275 417
265 43 125 261 262 264 268 269 313
266 262 263 264 267 268 269 270 488
267 263 264 266 268 270 271 355
268 193 264 265 266 267 269 270 271 272 342
269 265 266 268 270 272 273 302 498
270 68 266 267 268 269 271 272 273 498
271 141 207 267 268 270 272 273 274 275 483
272 268 269 270 271 273 274 275
273 131 269 270 271 272 274 275 276 296 498
274 67 206 271 272 273 275 277 278
275 232 264 271 272 273 274 276 277 278 279
276 22 273 275 277 278 279 280 362 425
277 35 274 275 276 278 280 281 489
278 274 275 276 277 279 280 281 282
279 144 232 275 276 278 281 282 283
280 276 277 278 282 283 284
281 277 278 279 282 283 285 333
282 0 231 278 279 280 281 283 284 285 286
283 165 279 280 281 282 285 286
284 5 280 282 287 288
285 221 281 282 283 286 287 288 405
286 40 73 130 282 283 285 287 288 289 290 440
287 147 284 285 286 288 291 393
288 284 285 286 287 289 290 291 292
289 64 160 286 288 291 293
290 164 286 288 291 292 293 294 360
291 287 288 289 290 292 293 294
292 6 218 239 288 290 291 294 295 296
293 289 290 291 294 296 297 329
294 87 290 291 292 293 295 296 297 298
295 292 294 296 297 298 299 340 423
296 273 292 293 294 295 297 299 300 408
297 16 293 294 295 296 298 301 423
298 64 294 295 297 299 300 301
299 45 295 296 298 300 301 302 303 377
300 59 296 298 299 301 302 303 304 365
301 122 297 298 299 300 302 303 304 354
302 91 150 182 269 299 300 301 303 305 306 315
303 299 300 301 302 304 305 307
304 300 301 303 306 307 458 465
305 302 303 306 307 308 309 355
306 101 140 302 304 305 310
307 303 304 305 308 309 310 311
308 14 103 305 307 309 310 312 411 491
309 305 307 308 310 312 313
310 306 307 308 309 311 312 313 314 340 433
311 262 307 310 312 313 314 315 392
312 308 309 310 311 314
313 265 309 310 311 314 315 316 317
314 256 310 311 312 313 315 316 317 318
315 302 311 313 314 316 317 318 435
316 260 313 314 315 317 318 320 479
317 313 314 315 316 318 319 320 321
318 181 314 315 316 317 319 320 321 322 360 474
319 317 318 320 321 435 484
320 316 317 318 319 321 322 323
321 111 317 318 319 320 322 323 324 379
322 318 320 321 323 324 325 326 432
323 13 36 320 321 322 324 325 326 327 376
324 321 322 323 325 326 327 328
325 322 323 324 326 327 328 329 492
326 170 322 323 324 325 327 328 329
327 145 323 324 325 326 328 330 331 385
328 57 171 324 325 326 327 329 330 331
329 20 45 293 325 326 328 330 331 332 333
330 109 327 328 329 331 332 333 334
331 91 168 220 327 328 329 330 335 337
332 329 330 333 334 336 437
333 241 281 329 330 332 334 335 336 337
334 144 330 332 333 335 337 338 373
335 331 333 334 337 339 401
336 193 332 333 337 338 339 340 349 417
337 331 333 334 335 336 338 339 341 472
338 181 334 336 337 339 340 341 342
339 335 336 337 338 341 342 343
340 56 295 310 336 338 341 342 343 425 445
341 337 338 339 340 342 343 344 345 471
342 268 338 339 340 341 344 345 346
343 339 340 341 344 346 347
344 180 341 342 343 345 346 347
345 125 341 342 344 346 347 348
346 342 343 344 345 347 348 349 350
347 189 194 343 344 345 346 348 349 350
348 345 346 347 349 350 351 352 407
349 133 336 346 347 348 350 351 352 426
350 346 347 348 349 352 421
351 47 158 241 348 349 355 358
352 93 348 349 350 353 355 356 463
353 126 146 352 354 355 356 357 367
354 183 244 301 353 356 357 358
355 267 305 351 352 353 356 357 475
356 38 352 353 354 355 358 359 360
357 353 354 355 358 359 360
358 18 188 351 354 356 357 359 361 362
359 36 356 357 358 361 362 363
360 178 290 318 356 357 362 363 364 434
361 48 358 359 362 363 364 365
362 276 358 359 360 361 363 365 366
363 10 359 360 361 362 364 365 366 367
364 4 141 360 361 363 366 367 368
365 300 361 362 363 366 369
366 38 202 362 363 364 365 367 368 369
367 99 353 363 364 366 368 369 370
368 148 186 223 364 366 367 371 372
369 208 365 366 367 370 387 410 494
370 367 369 371 372 374 478
371 164 368 370 372 373 374 375
372 368 370 371 374 376
373 71 184 334 371 374 375 376 377
374 109 248 370 371 372 373 375 376 377 378 427
375 101 371 373 374 376 378 379
376 323 372 373 374 375 377 378 380
377 165 299 373 374 376 380 381
378 374 375 376 379 380 382
379 321 375 378 380 382 383 432 460
380 376 377 378 379 382 383 494
381 117 129 136 194 377 382 383 384
382 378 379 380 381 383 384 385
383 202 379 380 381 382 385 386 387
384 130 381 382 385 386 387 388 458
385 327 382 383 384 387 388 389 409
386 383 384 387 388 389 390 395 401 426
387 35 369 383 384 385 386 389 391
388 118 239 384 385 386 389 390 391
389 204 385 386 387 388 390 391 392 393
390 134 213 386 388 389 392 394
391 387 388 389 392 393 394 395
392 311 389 390 391 393 395
393 0 287 389 391 392 394 396 397 422
394 90 390 391 393 395 396 397 470
395 386 391 392 394 396 398 399
396 393 394 395 397 398 399 400
397 21 111 393 394 396 398 401
398 159 395 396 397 399 401 402 464
399 184 395 396 398 402 403
400 51 142 148 396 404 480
401 335 386 397 398 402 403 404 456
402 398 399 401 403 404 405 406
403 33 399 401 402 404 405 406 407
404 400 401 402 403 405 406 407 408
405 232 285 402 403 404 406 407 408 409
406 402 403 404 405 407 408 409 410
407 348 403 404 405 406 408 409 411
408 110 296 404 405 406 407 410 411 412 470
409 385 405 406 407 410 411 412 413 470
410 369 406 408 409 411 412 413 414 459
411 82 236 308 407 408 409 410 412 414 415
412 187 408 409 410 411 413 415 416
413 140 210 409 410 412 414 415 416 417
414 226 410 411 413 415 416 418
415 187 411 412 413 414 416 417 418 419
416 37 412 413 414 415 417 418 419
417 247 264 336 413 415 416 419 420 421
418 176 191 414 415 416 420 421 422
419 258 415 416 417 420 421 422 423 449
420 114 119 154 232 417 418 419 423 424
421 243 350 417 418 419 423 424 430
422 109 393 418 419 423 426
423 295 297 419 420 421 422 424 425 426
424 50 51 76 420 421 423 425 428
425 239 276 340 423 424 426 428 429
426 349 386 422 423 425 429 430
427 374 428 429 430 431
428 24 424 425 427 429 430 432
429 244 425 426 427 428 430 431 432
430 185 421 426 427 428 429 432 433 434
431 90 427 429 433 434 435 495
432 131 322 379 428 429 430 433 435
433 76 224 310 430 431 432 436
434 360 430 431 435 436 437 438
435 315 319 431 432 434 436 437 438
436 433 434 435 437 438 439 440 484
437 29 332 434 435 436 438 439 440 441
438 434 435 436 437 439 440 441 442
439 436 437 438 440 441 442
440 286 436 437 438 439 442 443
441 437 438 439 442 443 444 445
442 76 110 438 439 440 441 443 444 446
443 440 441 442 444 445 446 447 463
444 441 442 443 446 447 448
445 121 340 441 443 446 447 448 449
446 442 443 444 445 447 448 449
447 443 444 445 446 450 451 488
448 239 444 445 446 449 451 452
449 419 445 446 448 450 451 452 453
450 22 160 447 449 451 452 454
451 183 447 448 449 450 452 453 454 455
452 448 449 450 451 453 454 455 456
453 449 451 452 455 456 457
454 27 108 450 451 452 455 457
455 21 41 77 451 452 453 454 456 457 459
456 5 401 452 453 455 457 458 460
457 453 454 455 456 458 459 460 461
458 162 304 384 456 457 459 460 461
459 410 455 457 458 460 461 462 463
460 78 379 456 457 458 459 461 462 463 464
461 457 458 459 460 463 465
462 459 460 463 464 465 466
463 352 443 459 460 461 462 464 465 466 467
464 398 460 462 463 465 466 468
465 115 304 461 462 463 464 467 469
466 251 462 463 464 467 469
467 208 463 465 466 468 469 470
468 215 258 464 467 470 471 472
469 34 70 227 465 466 467 471 472 473
470 394 408 409 467 468 471 473 474
471 52 341 468 469 470 472 473 474 475
472 337 468 469 471 473 474 476
473 469 470 471 472 474 475 476 477
474 318 470 471 472 473 475 476 477
475 100 196 355 471 473 474 476 477 478 479
476 472 473 474 475 477 478 479 480
477 473 474 475 476 478 479 480 481
478 370 475 476 477 479 480 481 482
479 107 316 475 476 477 478 481 482 483 497
480 245 400 476 477 478 481 482 483
481 193 477 478 479 480 482 483 484 485
482 65 478 479 480 481 483 484 485 486
483 271 479 480 481 482 485 487
484 319 436 481 482 485 486 488
485 85 481 482 483 484 487 488 489
486 482 484 488 489 490
487 10 483 485 488 490 491
488 266 447 484 485 486 487 489 491 492
489 254 277 485 486 488 492
490 100 486 487 491 492 493 494
491 308 487 488 490 492 493 494 495
492 325 488 489 490 491 493 494 495 496
493 3 490 491 492 495 496
494 252 369 380 490 491 492 495 496 497 498
495 431 491 492 493 494 496 498 499
496 54 123 202 492 493 494 495 499
497 0 1 3 12 144 222 249 479 494 498 499
498 0 1 23 83 269 270 273 494 495 497
499 0 1 2 3 495 496 497
