0 1 2 4 283 497 499
1 0 2 3 4 5 497 498 499
2 0 1 3 5 6 498
3 1 2 4 5 6 7 481 499
4 0 1 3 6 8 379 411
5 1 2 3 6 7 8 9
6 2 3 4 5 7 8 9 316
7 3 5 6 8 9 11 85 237
8 4 5 6 7 9 11 12 120
9 5 6 7 8 10 11 13
10 9 11 13 14 59 67 131
11 7 8 9 10 12 13 14 15
12 8 11 14 16 387
13 9 10 11 14 15 17 459 481
14 10 11 12 13 15 16 46 385
15 11 13 14 17 18 250 477 489
16 12 14 17 18 19 20
17 13 15 16 18 19 20 279
18 15 16 17 19 20 21 22 63 191 216 416
19 16 17 18 20 21 22 23
20 16 17 18 19 22 23 24 140
21 18 19 22 23 24 25
22 18 19 20 21 23 24 25 26 160
23 19 20 21 22 24 25 27 232
24 20 21 22 23 25 26 27 28 402
25 21 22 23 24 26 27 28 29
26 22 24 25 28 30 123 166
27 23 24 25 28 29 30 31 93 433
28 24 25 26 27 29 30 32 42 43 471
29 25 27 28 30 32 33 51
30 26 27 28 29 31 33 34 154 174
31 27 30 32 33 34 35 407
32 28 29 31 34 35 36 342 411 467
33 29 30 31 36 37 266 291
34 30 31 32 35 36 38
35 31 32 34 36 37 38 39
36 32 33 34 35 37 38 39
37 33 35 36 38 39 40 187 477
38 34 35 36 37 39 40 41 42 475
39 35 36 37 38 40 41
40 37 38 39 41 42 43 44 164
41 38 39 40 42 43 129
42 28 38 40 41 43 44 45 83
43 28 40 41 42 44 46 47 325
44 40 42 43 47 48 221
45 42 46 47 48 60 468
46 14 43 45 47 50 238 261 409 431
47 43 44 45 46 48 49 50 170 325
48 44 45 47 49 50 274 296
49 47 48 50 51 52 53 177 392 450
50 46 47 48 49 51 52 53 54 197
51 29 49 50 52 53 55 379 478
52 49 50 51 53 54 55 56 327
53 49 50 51 52 54 55 56 254 424 491
54 50 52 53 55 56 57 138 311 356
55 51 52 53 54 56 57 58 59
56 52 53 54 55 58 59 60
57 54 55 58 59 60 61 216 356
58 55 56 57 59 60 61 62 101
59 10 55 56 57 58 60 61 62 63
60 45 56 57 58 59 62 63 64 261 351
61 57 58 59 62 63 64 65 273 317
62 58 59 60 61 63 64 65 66
63 18 59 60 61 62 64 66 67
64 60 61 62 63 65 66 67 68
65 61 62 64 66 67 68 69 331
66 62 63 64 65 67 68 69 70 401
67 10 63 64 65 66 68 70 71 298 424
68 64 65 66 67 69 70 71 72 326
69 65 66 68 70 71 72 73
70 66 67 68 69 71 72 73 74 286 350
71 67 68 69 70 73 74 75 437
72 68 69 70 74 75 76 461
73 69 70 71 74 76 77 491
74 70 71 72 73 75 78 236 462
75 71 72 74 76 77 78 79 271 323
76 72 73 75 77 78 79 157
77 73 75 76 78 79 80 81 338 388 487
78 74 75 76 77 79 80 81 82 463
79 75 76 77 78 80 81 83 389 471
80 77 78 79 81 82 83 413
81 77 78 79 80 82 83 84 85
82 78 80 81 83 84 85 86
83 42 79 80 81 82 85 86 87 160 255
84 81 82 85 87 88 264
85 7 81 82 83 84 86 87 88 89
86 82 83 85 87 89 90 274
87 83 84 85 86 88 89 90 91 94
88 84 85 87 89 90 91 92
89 85 86 87 88 90 92 97
90 86 87 88 89 91 92 93 94
91 87 88 90 92 95 295
92 88 89 90 91 93 150 187
93 27 90 92 94 95 96 97 319
94 87 90 93 95 96 97 98 209 357
95 91 93 94 96 98 99
96 93 94 95 97 98 99 358
97 89 93 94 96 99 100 101 468
98 94 95 96 99 100 102 259 361 462
99 95 96 97 98 100 102 103 157 339 396
100 97 98 99 101 102 103 104 171 375
101 58 97 100 102 103 105
102 98 99 100 101 103 104 105 106 202 465
103 99 100 101 102 104 105 106 107
104 100 102 103 105 106 107 108
105 101 102 103 104 106 107 108 109 483
106 102 103 104 105 107 108 110 116
107 103 104 105 106 108 109 110 111 233
108 104 105 106 107 110 112
109 105 107 110 111 112 113 305 355
110 106 107 108 109 111 112 113 114
111 107 109 110 112 113 114 115 468 498
112 108 109 110 111 113 114 115 346
113 109 110 111 112 114 115 116 117
114 110 111 112 113 115 116 117 118 136
115 111 112 113 114 116 117 118 119 132 211
116 106 113 114 115 117 118 119 120
117 113 114 115 116 118 119 120 270 389 398
118 114 115 116 117 119 120 121 122
119 115 116 117 118 120 121 122 123
120 8 116 117 118 119 121 122 124 271
121 118 119 120 122 123 124 125 246 291
122 118 119 120 121 123 124 125 126
123 26 119 121 122 124 126 127 173 495
124 120 121 122 123 125 126 127 128
125 121 122 124 127 128 129 172
126 122 123 124 127 128 129 130
127 123 124 125 126 128 129 130 351
128 124 125 126 127 129 130 131 132 444
129 41 125 126 127 128 130 131 132 133
130 126 127 128 129 131 134 160 314 379 448
131 10 128 129 130 132 133 134 389
132 115 128 129 131 134 135 136 365
133 129 131 134 135 136 137 306
134 130 131 132 133 135 136 137 138
135 132 133 134 136 137 138 300
136 114 132 133 134 135 138 140 495
137 133 134 135 138 140 487 491
138 54 134 135 136 137 140 142 272 379
139 140 141 142 178 202
140 20 136 137 138 139 141 142 143 144
141 139 140 142 143 144 145
142 138 139 140 141 143 144 242
143 140 141 142 144 145 146 164
144 140 141 142 143 145 146 147 148 376
145 141 143 144 146 147 148 149 196 277
146 143 144 145 148 149 150 283
147 144 145 148 149 150 151 325
148 144 145 146 147 149 151 152 335
149 145 146 147 148 150 151 152 153 182
150 92 146 147 149 151 153 154 240 290
151 147 148 149 150 152 153 155 282
152 148 149 151 153 154 155
153 149 150 151 152 154 155 157 279
154 30 150 152 153 155 156 158 224
155 151 152 153 154 156 157 158 159 179 273
156 154 155 158 160 338 387 423 478
157 76 99 153 155 158 159 160 161
158 154 155 156 157 160 161 162
159 155 157 160 161 162 163 188
160 22 83 130 156 157 158 159 161 164
161 157 158 159 160 162 163 164 453 480 489 493
162 158 159 161 163 164 165 207
163 159 161 162 166 167 324 410
164 40 143 160 161 162 166 167 168 234 400
165 162 166 167 168 259 288 469
166 26 163 164 165 167 168 169 451
167 163 164 165 166 169 170 171
168 164 165 166 169 170 171 188 197 282
169 166 167 168 171 172 354 428
170 47 167 168 171 173 174 266 475
171 100 167 168 169 170 172 174 175 221
172 125 169 171 173 174 175 176 415 470
173 123 170 172 175 176 177 408
174 30 170 171 172 175 176 177 181 242 454
175 171 172 173 174 176 177 178 179
176 172 173 174 175 177 178 179 180
177 49 173 174 175 176 179 181 276
178 139 175 176 179 180 181 182
179 155 175 176 177 178 180 181 183
180 176 178 179 181 182 183 184
181 174 177 178 179 180 182 183 185
182 149 178 180 181 183 185 186
183 179 180 181 182 184 187 232 354 420
184 180 183 185 187 413
185 181 182 184 186 187 188 189
186 182 185 187 190 444 449
187 37 92 183 184 185 186 188 191
188 159 168 185 187 189 190 191 201 216 333 475
189 185 188 190 192 193 237 479
190 186 188 189 192 193 194
191 18 187 188 192 193 194 195
192 189 190 191 193 194 195 196
193 189 190 191 192 194 195 196
194 190 191 192 193 195 196 197 198
195 191 192 193 194 196 197 198 232 312 492
196 145 192 193 194 195 197 198 199 200 361
197 50 168 194 195 196 198 200 201 208
198 194 195 196 197 199 200 201 202 438
199 196 198 200 202 418
200 196 197 198 199 201 203 204
201 188 197 198 200 202 204 205
202 102 139 198 199 201 204 206 439 494
203 200 204 205 206 207
204 200 201 202 203 205 206 207 266
205 201 203 204 206 207 209 275
206 202 203 204 205 207 209 210
207 162 203 204 205 206 208 209 210 211 258 459
208 197 207 209 211 212 290 433 462 479
209 94 205 206 207 208 210 213 462
210 206 207 209 211 212 213 214 374
211 115 207 208 210 214 215
212 208 210 214 215 216 443
213 209 210 215 216 217 309
214 210 211 212 215 216 217 262 412 453
215 211 212 213 214 217 218 219
216 18 57 188 212 213 214 217 219 220 307
217 213 214 215 216 219 220 221
218 215 219 220 221 222 489
219 215 216 217 218 220 221 222 422
220 216 217 218 219 221 222 223 224
221 44 171 217 218 219 220 222 223 224 225
222 218 219 220 221 223 225 226
223 220 221 222 224 225 226 227 435
224 154 220 221 223 225 226 228 269
225 221 222 223 224 226 228 229
226 222 223 224 225 227 228 229
227 223 226 228 229 230 231 291 475 498
228 224 225 226 227 229 230 231 298 445
229 225 226 227 228 230 231 232 233 264
230 227 228 229 231 232 233 234 378
231 227 228 229 230 232 234 235
232 23 183 195 229 230 231 235 236
233 107 229 230 234 235 236 237 475 490
234 164 230 231 233 237 238 410
235 231 232 233 236 237 238 239 406
236 74 232 233 235 237 238 239 240
237 7 189 233 234 235 236 238 239 241 416
238 46 234 235 236 237 239 240 241 242
239 235 236 237 238 240 241 242 243
240 150 236 238 239 241 242 243 244 276 381
241 237 238 239 240 242 243 244 245
242 142 174 238 239 240 241 244 246 331
243 239 240 241 244 246 247 277 467
244 240 241 242 243 247 248 367
245 241 246 247 248 249 362
246 121 242 243 245 247 248 249
247 243 244 245 246 248 249 250 251
248 244 245 246 247 249 250 251 296
249 245 246 247 248 250 252 253 454
250 15 247 248 249 251 252 253 254 325 451
251 247 248 250 252 253 254 342 447
252 249 250 251 254 375 460
253 249 250 251 254 255 256 257
254 53 250 251 252 253 255 256 257
255 83 253 254 256 257 259 391
256 253 254 255 257 259 260 459 462
257 253 254 255 256 258 260 261
258 207 257 259 260 262
259 98 165 255 256 258 260 261 262 263
260 256 257 258 259 261 262 263 264 420
261 46 60 257 259 260 262 263 264 265
262 214 258 259 260 261 263 264 265 266
263 259 260 261 262 264 265 266 267 402
264 84 229 260 261 262 263 266 267 268
265 261 262 263 266 267 268 269
266 33 170 204 262 263 264 265 267 269
267 263 264 265 266 269 270 271 402 475
268 264 265 270 271 272 343 415
269 224 265 266 267 271 272 273 425
270 117 267 268 271 417
271 75 120 267 268 269 270 273 274 275
272 138 268 269 273 274 275 276
273 61 155 269 271 272 275 276
274 48 86 271 272 275 276 278
275 205 271 272 273 274 277 278 279
276 177 240 272 273 274 277 279 280
277 145 243 275 276 278 279 280 449 492
278 274 275 277 279 280 281 282
279 17 153 275 276 277 278 280 281 282 283
280 276 277 278 279 281 282 283 284
281 278 279 280 282 284 285
282 151 168 278 279 280 281 283 284 286
283 0 146 279 280 282 284 285 287
284 280 281 282 283 285 286 287 288
285 281 283 284 286 287 288 289 488
286 70 282 284 285 287 289 290 363
287 283 284 285 286 288 289 290 291 326
288 165 284 285 287 289 290 292
289 285 286 287 288 290 291 292 293 299
290 150 208 286 287 288 289 292 294 361
291 33 121 227 287 289 292 293 294 295
292 288 289 290 291 293 294 295 296 486
293 289 291 292 295 382
294 290 291 292 295 296 297 298 302 422
295 91 291 292 293 294 296 298 299 303 461
296 48 248 292 294 295 297 299 300
297 294 296 298 299 300 301 485
298 67 228 294 295 297 299 300 301 302
299 289 295 296 297 298 300 301 302 374
300 135 296 297 298 299 301 302 303
301 297 298 299 300 302 303 304 305 360
302 294 298 299 300 301 304 305 306 307 446
303 295 300 301 304 305 307 335
304 301 302 303 305 306 308 497
305 109 301 302 303 304 307 308 309 408
306 133 302 304 307 308 309 310
307 216 302 303 305 306 309 310 311
308 304 305 306 309 310 311 312 318
309 213 305 306 307 308 310 312 313 399
310 306 307 308 309 313 314
311 54 307 308 312 313 314 315 494
312 195 308 309 311 313 314 420
313 309 310 311 312 314 315 316 317
314 130 310 311 312 313 315 316 318
315 311 313 314 316 317 318 368
316 6 313 314 315 317 318 320 424
317 61 313 315 316 318 319 320 321
318 308 314 315 316 317 319 320 321 322
319 93 317 318 321 322 323
320 316 317 318 321 322 323 324 346 352
321 317 318 319 320 322 323 324 325
322 318 319 320 321 324 351
323 75 319 320 321 324 325 326 327
324 163 320 321 322 323 325 328 432
325 43 47 147 250 321 323 324 326 327 328 329
326 68 287 323 325 327 328 329 343 462
327 52 323 325 326 328 329 330 331 456
328 324 325 326 327 329 330 332
329 325 326 327 328 330 332 333 366
330 327 328 329 331 333 334 364 461
331 65 242 327 330 332 334 335
332 328 329 331 333 334 339
333 188 329 330 332 334 335 336 337 421
334 330 331 332 333 335 336
335 148 303 331 333 334 337 338 339 358
336 333 334 338 339 340 475 476
337 333 335 338 339 340 341 458
338 77 156 335 336 337 339 340 342
339 99 332 335 336 337 338 340 341 343
340 336 337 338 339 341 342 343 344
341 337 339 340 343 344 345 355 448
342 32 251 338 340 343 344 345 346
343 268 326 339 340 341 342 345 347
344 340 341 342 345 346 347 348
345 341 342 343 344 346 347 348 349
346 112 320 342 344 345 347 348 349
347 343 344 345 346 349 350 351
348 344 345 346 349 350 351 352 446
349 345 346 347 348 350 353 407
350 70 347 348 349 351
351 60 127 322 347 348 350 352 353 354 465 475
352 320 348 351 353 354 355 356 459
353 349 351 352 355 356 357 464
354 169 183 351 352 355 356 413 483
355 109 341 352 353 354 356 357 358 359
356 54 57 352 353 354 355 357 358 359 360
357 94 353 355 356 358 359 360 361
358 96 335 355 356 357 359 360 361 362
359 355 356 357 358 360 361 362 363 382
360 301 356 357 358 359 361 362 363
361 98 196 290 357 358 359 360 362 363 364 380
362 245 358 359 360 361 363 365 366 405
363 286 359 360 361 362 364 365 367
364 330 361 363 365 366 367 368 484
365 132 362 363 364 367 368 369
366 329 362 364 367 368 369 370
367 244 363 364 365 366 368 369 370 371
368 315 364 365 366 367 369 370 371 372
369 365 366 367 368 370 371 372 373
370 366 367 368 369 371 373 374 442
371 367 368 369 370 372 374 375
372 368 369 371 373 375
373 369 370 372 374 375 376 377 436
374 210 299 370 371 373 376 377
375 100 252 371 372 373 377 378 379
376 144 373 374 377 378 380
377 373 374 375 376 378 379 380 381
378 230 375 376 377 379 381 382
379 4 51 130 138 375 377 378 380 381
380 361 376 377 379 383 384 401
381 240 377 378 379 382 383 384 385
382 293 359 378 381 383 384 385 386 427
383 380 381 382 384 385 386 387 426
384 380 381 382 383 385 386 387 388
385 14 381 382 383 384 386 387 389 424 471
386 382 383 384 385 387 388 389 390
387 12 156 383 384 385 386 388 390 391
388 77 384 386 387 391 392 423 430
389 79 117 131 385 386 390 391 393
390 386 387 389 391 392 393 394
391 255 387 388 389 390 392 393 394 395 414
392 49 388 390 391 393 394 395 396
393 389 390 391 392 394 395 396 397
394 390 391 392 393 395 396 397 398
395 391 392 393 394 397 398 399
396 99 392 393 394 397 398 399 400
397 393 394 395 396 398 399 400 401
398 117 394 395 396 397 399 401 402
399 309 395 396 397 398 401 403
400 164 396 397 402 403 404 492
401 66 380 397 398 399 402 403 404
402 24 263 267 398 400 401 403 404 405 406
403 399 400 401 402 404 405 406 407
404 400 401 402 403 405 406 407 408
405 362 402 403 404 407 408 409
406 235 402 403 404 407 409
407 31 349 403 404 405 406 408 409 410 452
408 173 305 404 405 407 411 412
409 46 405 406 407 410 411 412
410 163 234 407 409 411 412
411 4 32 408 409 410 412 413 414
412 214 408 409 410 411 413 415 416
413 80 184 354 411 412 414 417 428
414 391 411 413 415 416 418 451
415 172 268 412 414 416 417 418 419
416 18 237 412 414 415 418 419 420
417 270 413 415 418 419 421
418 199 414 415 416 417 419 420 421 422
419 415 416 417 418 420 421 422 423 449
420 183 260 312 416 418 419 423 424
421 333 417 418 419 422 423 425
422 219 294 418 419 421 423 424 425 426
423 156 388 419 420 421 422 424 426
424 53 67 316 385 420 422 423 425 426 427
425 269 421 422 424 426 427 428 429
426 383 422 423 424 425 427 428 429 430
427 382 424 425 426 429 452
428 169 413 425 426 429 430 431 432 456
429 425 426 427 428 430 431 432 433
430 388 426 428 429 431 432 433 434
431 46 428 429 430 432 433 434 435
432 324 428 429 430 431 433 434 435 436
433 27 208 429 430 431 432 434 435 437 499
434 430 431 432 433 435 436 437
435 223 431 432 433 434 436 437 438 439 483
436 373 432 434 435 437 438 439 440
437 71 433 434 435 436 438 439 440 441
438 198 435 436 437 439 440 441 442
439 202 435 436 437 438 440 441 443 448
440 436 437 438 439 441 442 443 444
441 437 438 439 440 442 443 445
442 370 438 440 441 443 444 445 446
443 212 439 440 441 442 444 445 446 447
444 128 186 440 442 443 445 446 447 448
445 228 441 442 443 444 446 447 449
446 302 348 442 443 444 445 447 448
447 251 443 444 445 446 448 449 450 451
448 130 341 439 444 446 447 449 450 452
449 186 277 419 445 447 448 450 451
450 49 447 448 449 451 452 453 454
451 166 250 414 447 449 450 454 455 462
452 407 427 448 450 453 454 456
453 161 214 450 452 454 455 456 457
454 174 249 450 451 452 453 455 456 458
455 451 453 454 456 457 458 459
456 327 428 452 453 454 455 457 458 459 460
457 453 455 456 458 459 460 474
458 337 454 455 456 457 459 460 461 462 477
459 13 207 256 352 455 456 457 458 460 461 463
460 252 456 457 458 459 463 464
461 72 295 330 458 459 464 465
462 74 98 208 209 256 326 451 458 464 465
463 78 459 460 464 466 467
464 353 460 461 462 463 465 466 467
465 102 351 461 462 464 467 468 469
466 463 464 467 469 470
467 32 243 463 464 465 466 468 471
468 45 97 111 465 467 470 471 472
469 165 465 466 470 471 472 473
470 172 466 468 469 472 473
471 28 79 385 467 468 469 472 473
472 468 469 470 471 473 474 476
473 469 470 471 472 474 475 476 477
474 457 472 473 475 476 477 478
475 38 170 188 227 233 267 336 351 473 474 476 477 479
476 336 472 473 474 475 477 478 479 480
477 15 37 458 473 474 475 476 478 480 481
478 51 156 474 476 477 479 481 482
479 189 208 475 476 478 481 482
480 161 476 477 481 482 483 484
481 3 13 477 478 479 480 482 483 484 485
482 478 479 480 481 483 484 485 486 493
483 105 354 435 480 481 482 484 485 487
484 364 480 481 482 483 485 486 487 488
485 297 481 482 483 484 486 487 488 489
486 292 482 484 485 487 488
487 77 137 483 484 485 486 488 489 490 491
488 285 484 485 486 487 489 490 491
489 15 161 218 485 487 488 490 491 492
490 233 487 488 489 491 492 493 494
491 53 73 137 487 488 489 490 492 494 495
492 195 277 400 489 490 491 493 495 496
493 161 482 490 492 495 496 497
494 202 311 490 491 495 496 497 498
495 123 136 491 492 493 494 496 497 498 499
496 492 493 494 495 497 498 499
497 0 1 304 493 494 495 496 498 499
498 1 2 111 227 494 495 496 497 499
499 0 1 3 433 495 496 497 498
