0 1 2 4 441 496 497
1 0 2 5 120 282 483 497 498 499
2 0 1 3 4 5 6 27 301 443 478 498
3 2 4 5 6 58 104 499
4 0 2 3 5 6 7 8
5 1 2 3 4 6 7 9 23 206 335 477
6 2 3 4 5 7 10 435
7 4 5 6 9 11 116
8 4 11 12 348 381 436
9 5 7 10 11 12 13 300 324 461
10 6 9 11 12 14
11 7 8 9 10 13 14 15
12 8 9 10 13 14 16 47 206
13 9 11 12 15 16 17 219 388
14 10 11 12 16 17 18 472
15 11 13 16 17 19
16 12 13 14 15 17 19 20 223
17 13 14 15 16 18 19 20 114
18 14 17 19 20 22 242 330 373 449
19 15 16 17 18 22 23 48 207 430 468
20 16 17 18 21 22 24 85 97
21 20 22 23 24 25 345 412
22 18 19 20 21 23 24 25 26
23 5 19 21 22 24 25 27 428
24 20 21 22 23 25 26 27 28
25 21 22 23 24 26 27 28
26 22 24 25 27 28 29 30 324
27 2 23 24 25 26 29 30 31 499
28 24 25 26 29 30 31 32 355 414
29 26 27 28 30 32 33 215 256
30 26 27 28 29 31 32 33 34 438
31 27 28 30 32 33 34 35 471 476
32 28 29 30 31 33 34 35 36 72 199 296
33 29 30 31 32 34 35 36 37 90 226
34 30 31 32 33 35 36 37 394
35 31 32 33 34 36 37 39 139 269
36 32 33 34 35 37 38 39 115
37 33 34 35 36 39 41 124 265
38 36 39 40 41 42 308 341
39 35 36 37 38 40 41 42 43
40 38 39 41 42 43 44
41 37 38 39 40 42 43 44 45
42 38 39 40 41 43 44 45 46 50 137 142 369
43 39 40 41 42 44 45 46 47 273 405
44 40 41 42 43 45 46 47 48 359 425
45 41 42 43 44 46 47 48 49
46 42 43 44 45 47 49 50
47 12 43 44 45 46 48 49 50 51 146 188 257
48 19 44 45 47 49 50 51 52
49 45 46 47 48 50 51 52 53 427
50 42 46 47 48 49 52 53
51 47 48 49 52 55 444
52 48 49 50 51 53 54 55 56 150 214 416
53 49 50 52 54 55 56 57 284
54 52 53 55 56 57 319 449 482
55 51 52 53 54 56 57 58 59
56 52 53 54 55 58 59 60 235
57 53 54 55 61 169 280 426 428 470
58 3 55 56 59 60 61 279 493
59 55 56 58 61 63 489
60 56 58 61 62 63 64
61 57 58 59 60 62 63 64 65 176
62 60 61 63 65 66 214 444
63 59 60 61 62 64 65 66 345
64 60 61 63 65 66 67 243
65 61 62 63 64 68 69 310 430
66 62 63 64 67 69 268 296 343
67 64 66 68 70 71 90 174 333
68 65 67 70 72 257
69 65 66 70 71 72 73 217
70 67 68 69 71 72 73 74 247 273
71 67 69 70 72 73 74 75 304 412
72 32 68 69 70 71 74 75
73 69 70 71 74 75 77 160
74 70 71 72 73 75 76 78 398
75 71 72 73 74 76 77 476
76 74 75 78 79 80 109
77 73 75 78 79 80 81 295 393 452
78 74 76 77 79 80 81 82 255 287 347
79 76 77 78 80 81 83 480
80 76 77 78 79 81 82 83 84 210 492
81 77 78 79 80 82 84 85
82 78 80 81 83 84 85 86
83 79 80 82 84 85
84 80 81 82 83 85 86 87 149 396
85 20 81 82 83 84 86 87 88 89 251
86 82 84 85 87 88 89 90 342 466
87 84 85 86 88 90 258
88 85 86 87 91 92 475
89 85 86 90 91 92 93 281
90 33 67 86 87 89 91 92 93 94
91 88 89 90 92 94 95 459
92 88 89 90 91 93 94 95 96 236 451
93 89 90 92 94 95 97
94 90 91 92 93 95 97 98 282 395 401
95 91 92 93 94 96 97 98 99
96 92 95 97 99 100 429
97 20 93 94 95 96 98 99 100 101
98 94 95 97 99 100 101 102 306 485
99 95 96 97 98 100 101 102 103 155
100 96 97 98 99 102 103 104
101 97 98 99 102 103 104 142 265 276
102 98 99 100 101 103 104 106 476
103 99 100 101 102 104 105 106 224
104 3 100 101 102 103 105 106 107 108
105 103 104 106 107 108 109 288 292
106 102 103 104 105 108 109 110 213 266 354
107 104 105 108 109 110 111 308 469
108 104 105 106 107 109 110 111 112 470
109 76 105 106 107 108 111 112 113
110 106 107 108 111 112 113 114 189
111 107 108 109 110 112 113 366
112 108 109 110 111 113 114 115 116 305 350
113 109 110 111 112 114 115 117 304
114 17 110 112 113 115 116 117 118 348 377 435
115 36 112 113 114 116 117 118 119 380
116 7 112 114 115 117 118 119 120
117 113 114 115 116 118 119 121
118 114 115 116 117 120 121 122 320
119 115 116 117 120 121 122 123
120 1 116 118 119 122 124 231
121 117 118 119 122 123 124 449
122 118 119 120 121 123 124 125 126 253 340
123 119 121 122 124 125 126 127 205
124 37 120 121 122 123 125 126 127 128
125 122 123 124 126 127 129 461
126 122 123 124 125 127 128 129 130
127 123 124 125 126 128 129 202 247 326
128 124 126 127 129 130 131 134 243 460
129 125 126 127 128 131 132 133 139 209
130 126 128 131 132 133 134 402
131 128 129 130 133 134 135 175 222
132 129 130 133 134 135 136 468
133 129 130 131 132 134 135 136 137 268
134 128 130 131 132 133 135 136 137 138
135 131 132 133 134 136 138 139
136 132 133 134 135 138 139 140 478
137 42 133 134 138 139 141 348
138 134 135 136 137 141 142 257
139 35 129 135 136 137 142 143
140 136 141 142 143 144 216 257
141 137 138 140 142 143 144 145 462
142 42 101 138 139 140 141 144 145
143 139 140 141 144 145 147 360
144 140 141 142 143 145 146 147 148 197
145 141 142 143 144 146 147 148 149
146 47 144 145 147 149 150 205
147 143 144 145 146 148 149 150 151
148 144 145 147 149 150 151 152 395 469
149 84 145 146 147 148 151 152 153
150 52 146 147 148 152 250
151 147 148 149 152 153 154 155 285
152 148 149 150 151 153 154 155 156 187 244
153 149 151 152 155 156 157
154 151 152 155 157 158 163
155 99 151 152 153 154 157 158 159 369
156 152 153 158 159 213
157 153 154 155 158 179 461
158 154 155 156 157 160 161 162 242
159 155 156 160 161 162 163
160 73 158 159 161 163 164 334 343 446
161 158 159 160 162 163 164 165 408
162 158 159 161 163 164 165 166 169 184 296
163 154 159 160 161 162 164 165 166 167 168
164 160 161 162 163 165 166 167 168
165 161 162 163 164 166 168 416
166 162 163 164 165 167 170
167 163 164 166 169 170 171 192 428 483
168 163 164 165 169 170 172 396 407
169 57 162 167 168 170 171 173 187 195
170 166 167 168 169 171 172 173 479
171 167 169 170 172 175 200 461
172 168 170 171 173 174 175 176
173 169 170 172 175 176 222 234 251 333
174 67 172 175 177 178 313
175 131 171 172 173 174 177 179 383
176 61 172 173 177 178 179 180
177 174 175 176 178 179 180 181 275 474
178 174 176 177 179 180 181 182 370
179 157 175 176 177 178 180 181 182 183
180 176 177 178 179 181 182 183 184
181 177 178 179 180 182 183 185 239 329 406
182 178 179 180 181 183 184 185 186
183 179 180 181 182 185 186 187 402
184 162 180 182 185 186 188 487
185 181 182 183 184 186 187 189 499
186 182 183 184 185 187 188 189 271
187 152 169 183 185 186 188 190 191
188 47 184 186 187 189 190 191 192 247
189 110 185 186 188 190 191 239 479 497
190 187 188 189 192 193 194
191 187 188 189 192 193 194 195 268
192 167 188 190 191 193 194 195 196
193 190 191 192 194 195 196 197 373
194 190 191 192 193 196 197 198
195 169 191 192 193 196 198 353
196 192 193 194 195 198 199 272 378
197 144 193 194 198 200 201 265
198 194 195 196 197 199 201 202
199 32 196 198 201 202 203 216
200 171 197 201 202 203 204 486
201 197 198 199 200 202 203 204 205 316
202 127 198 199 200 201 204 205 264
203 199 200 201 205 206 207 349 494
204 200 201 202 206 207 208 270 372
205 123 146 201 202 203 206 207 208 209 345 401
206 5 12 203 204 205 209 210 224
207 19 203 204 205 208 209 210 211
208 204 205 207 209 210 211 212 325 444
209 129 205 206 207 208 210 211 212 213
210 80 206 207 208 209 211 426
211 207 208 209 210 212 213 214
212 208 209 211 213 214 215 216
213 106 156 209 211 212 214 217 258 416
214 52 62 211 212 213 215 216 217 231
215 29 212 214 216 217 218 219 297
216 140 199 212 214 215 217 218 219 220
217 69 213 214 215 216 218 219 220 221
218 215 216 217 219 220 221 222 340
219 13 215 216 217 218 220 221 222 223
220 216 217 218 219 221 222 224 273 376
221 217 218 219 220 222 223 224 225 307
222 131 173 218 219 220 221 224 225 226 389
223 16 219 221 224 225 226 227 410
224 103 206 220 221 222 223 225 227
225 221 222 223 224 226 227 228 229
226 33 222 223 225 227 228 229 230
227 223 224 225 226 229 230 453
228 225 226 229 230 231 232 303 312 437
229 225 226 227 228 230 231 232 233
230 226 227 228 229 231 232 233 234 407
231 120 214 228 229 230 232 233 234 235 329 479
232 228 229 230 231 233 234 235 236 477
233 229 230 231 232 234 236 237
234 173 230 231 232 233 235 236 237 238
235 56 231 232 234 236 237 238 433
236 92 232 233 234 235 237 238 240
237 233 234 235 236 238 239 240 241
238 234 235 236 237 239 240 241 242
239 181 189 237 238 241 309
240 236 237 238 241 242 244 283
241 237 238 239 240 242 243 244 344
242 18 158 238 240 241 243 244 245 246
243 64 128 241 242 244 245 246 377
244 152 240 241 242 243 245 247 248
245 242 243 244 246 248 319
246 242 243 245 247 248 249 250
247 70 127 188 244 246 248 250 251 443
248 244 245 246 247 249 250 251 252
249 246 248 250 251 252 253 435
250 150 246 247 248 249 251 254 431
251 85 173 247 248 249 250 253 254 255
252 248 249 253 254 256
253 122 249 251 252 254 255 256 316
254 250 251 252 253 255 257 258
255 78 251 253 254 256 257 259 359
256 29 252 253 255 258 259 260 264
257 47 68 138 140 254 255 260 261 268
258 87 213 254 256 259 260 261 272 389
259 255 256 258 260 261 262 263 426
260 256 257 258 259 262 263 264
261 257 258 259 262 263 264 265 277 331 493
262 259 260 261 263 264 265 483
263 259 260 261 262 264 265 267
264 202 256 260 261 262 263 265 266 267 268
265 37 101 197 261 262 263 264 266 267 268 269
266 106 264 265 269 270
267 263 264 265 268 270 418 482
268 66 133 191 257 264 265 267 269 271
269 35 265 266 268 270 271 272
270 204 266 267 269 272 273 274
271 186 268 269 272 273 344
272 196 258 269 270 271 273 274
273 43 70 220 270 271 272 274 275
274 270 272 273 275 277 278 418 438
275 177 273 274 276 278 279 446
276 101 275 277 279 426 432
277 261 274 276 278 279 280 281 306 462
278 274 275 277 280 281 282 293 480
279 58 275 276 277 280 281 283
280 57 277 278 279 281 283 284
281 89 277 278 279 280 282 283 284 285
282 1 94 278 281 283 285 286 459
283 240 279 280 281 282 284 285 286 287
284 53 280 281 283 285 286 287 288 462
285 151 281 282 283 284 286 287 288 289
286 282 283 284 285 287 288 289 290 395
287 78 283 284 285 286 288 289 290 291
288 105 284 285 286 287 289 290 291
289 285 286 287 288 290 291 293 425
290 286 287 288 289 291 292 457
291 287 288 289 290 292 293 294 295
292 105 290 291 293 294 295 296
293 278 289 291 292 294 296 297
294 291 292 293 295 297 298 433
295 77 291 292 294 296 297 298 299
296 32 66 162 292 293 295 297 299
297 215 293 294 295 296 299 300 301 492
298 294 295 300 301 302
299 295 296 297 300 302 348 480
300 9 297 298 299 301 302 303 304
301 2 297 298 300 302 304 305
302 298 299 300 301 303 304 305
303 228 300 302 305 306 307 323 419
304 71 113 300 301 302 305 306 307
305 112 301 302 303 304 306
306 98 277 303 304 305 307 308 310 363
307 221 303 304 306 308 309 310
308 38 107 306 307 309 310 311 312
309 239 307 308 310 311 313 473
310 65 306 307 308 309 311 312 314
311 308 309 310 313 315
312 228 308 310 313 315 316 455
313 174 309 311 312 314 315 316 317
314 310 313 315 317 318 379
315 311 312 313 314 316 317 318 319 399
316 201 253 312 313 315 317 318 319 320
317 313 314 315 316 318 319 320 321
318 314 315 316 317 319 320 321 322
319 54 245 315 316 317 318 320 321 323
320 118 316 317 318 319 321 322 323
321 317 318 319 320 323 324 482
322 318 320 323 324 325
323 303 319 320 321 322 324 326 358
324 9 26 321 322 323 325 326 328
325 208 322 324 326 327 328 329
326 127 323 324 325 327 328 329 330 342 396
327 325 326 328 330 331
328 324 325 326 327 329 330 331
329 181 231 325 326 328 330 331 332 333 482
330 18 326 327 328 329 331 332 333 334
331 261 327 328 329 330 333 334 335
332 329 330 335 336 367 475
333 67 173 329 330 331 334 336 337
334 160 330 331 333 335 336 338
335 5 331 332 334 336 337 338 339 398
336 332 333 334 335 337 338 339 340
337 333 335 336 339 340 341
338 334 335 336 339 340 341 356 498
339 335 336 337 338 340 341
340 122 218 336 337 338 339 341 342 343 359
341 38 337 338 339 340 342 343 344
342 86 326 340 341 343 344 345 346 413
343 66 160 340 341 342 344 345 346 347 361
344 241 271 341 342 343 345 346 347 348
345 21 63 205 342 343 344 347 349
346 342 343 344 348 349 350 403
347 78 343 344 345 348 349 350 351
348 8 114 137 299 344 346 347 349 350 351 352 404
349 203 345 346 347 348 351 352 353
350 112 346 347 348 351 353 354
351 347 348 349 350 352 353 354 355
352 348 349 351 353 354 355 356
353 195 349 350 351 352 354 355 356 357
354 106 350 351 352 353 356 357 358
355 28 351 352 353 357 358 359
356 338 352 353 354 357 358
357 353 354 355 356 358 359 360 361
358 323 354 355 356 357 360 361 362
359 44 255 340 355 357 360 362 404
360 143 357 358 359 361 362 363 364
361 343 357 358 360 362 363 364 365
362 358 359 360 361 363 364 365 366
363 306 360 361 362 364 365 366 367
364 360 361 362 363 365 366 367 368
365 361 362 363 364 368 369
366 111 362 363 364 367 368 369 370 389
367 332 363 364 366 368 369 370 371 394 453
368 364 365 366 367 369 370 371 372
369 42 155 365 366 367 368 372 373
370 178 366 367 368 371 372 373 374 444
371 367 368 370 372 373 374 375
372 204 368 369 370 371 374 375 376
373 18 193 369 370 371 375 376 418
374 370 371 372 375 376 377 378 390
375 371 372 373 374 376 377 378 379
376 220 372 373 374 375 377 378 379 380
377 114 243 374 375 376 378 379 380 381
378 196 374 375 376 377 380 381 382
379 314 375 376 377 380 382 383 424
380 115 376 377 378 379 381 382 383 384
381 8 377 378 380 382 383 384 385 406
382 378 379 380 381 383 384 385 386
383 175 379 380 381 382 384 385 386 387
384 380 381 382 383 385 386 387 388
385 381 382 383 384 386 387
386 382 383 384 385 388 389 390 451 464
387 383 384 385 388 389 390 391 395
388 13 384 386 387 390 391 392 429
389 222 258 366 386 387 390 407 450
390 374 386 387 388 389 391 392 393
391 387 388 390 392 393 394 395 421
392 388 390 391 394 395
393 77 390 391 396 397 439 480
394 34 367 391 392 396 397 398 413 421
395 94 148 286 387 391 392 396 397 399
396 84 168 326 393 394 395 397 399 400 418 450
397 393 394 395 396 398 399 400 401
398 74 335 394 397 399 400
399 315 395 396 397 398 400 401 403
400 396 397 398 399 401 402 403 404
401 94 205 397 399 400 402 403 404
402 130 183 400 401 403 404 494
403 346 399 400 401 402 404 405 406
404 348 359 400 401 402 403 405 406 407 408
405 43 403 404 407 408 409 415 482
406 181 381 403 404 407 408 409 410
407 168 230 389 404 405 406 409 410 447 494
408 161 404 405 406 409 412
409 405 406 407 408 410 411 412 413
410 223 406 407 409 411 412 413 414 445
411 409 410 412 413 414 415
412 21 71 408 409 410 411 413 416
413 342 394 409 410 411 412 414 415 416
414 28 410 411 413 415 417 446
415 405 411 413 414 416 417 418 419 488
416 52 165 213 412 413 415 417 419 420
417 414 415 416 419 420 421 486
418 267 274 373 396 415 419 422
419 303 415 416 417 418 422 423
420 416 417 421 422 423 424
421 391 394 417 420 422 423 424
422 418 419 420 421 423 424 425
423 419 420 421 422 424 425 427 478
424 379 420 421 422 423 425 426 427 428
425 44 289 422 423 424 426 429
426 57 210 259 276 424 425 429 430
427 49 423 424 428 429 463
428 23 57 167 424 427 429 430 432
429 96 388 425 426 427 428 430 431 432 433
430 19 65 426 428 429 431 432 433 434
431 250 429 430 432 433 434
432 276 428 429 430 431 433 434
433 235 294 429 430 431 432 434 435 436
434 430 431 432 433 436 437 438 470
435 6 114 249 433 436 437 438 439
436 8 433 434 435 437 439 440 448
437 228 434 435 436 438 440 441
438 30 274 434 435 437 440 441 442
439 393 435 436 440 441 442 443 449
440 436 437 438 439 441 442 443 444
441 0 437 438 439 440 443 445
442 438 439 440 443 444 446
443 2 247 439 440 441 442 446
444 51 62 208 370 440 442 445 448
445 410 441 444 446 447 449 479
446 160 275 414 442 443 445 447 448 449 450
447 407 445 446 448 449 450 451
448 436 444 446 447 449 450 451 452
449 18 54 121 439 445 446 447 448 450 453
450 389 396 446 447 448 449 452 453 454
451 92 386 447 448 452 453 454 455
452 77 448 450 451 453 454 455 456
453 227 367 449 450 451 452 454 455 457
454 450 451 452 453 455 456 457 458
455 312 451 452 453 454 456 457 458 459
456 452 454 455 457 458 459
457 290 453 454 455 456 458 459 460 461
458 454 455 456 457 459 460 461 462
459 91 282 455 456 457 458 460 461 462 463
460 128 457 458 459 462 463 464
461 9 125 157 171 457 458 459 462 463 464
462 141 277 284 458 459 460 461 463 464 465 466
463 427 459 460 461 462 464 465 466 467
464 386 460 461 462 463 465 466 467 468
465 462 463 464 466 467 468 469
466 86 462 463 464 465 467 468 470
467 463 464 465 466 468 469 470 471 495
468 19 132 464 465 466 467 469 470 472
469 107 148 465 467 468 470 471 472
470 57 108 434 466 467 468 469 472 473 474
471 31 467 469 472 473 474 475
472 14 468 469 470 471 473 474 475 476
473 309 470 471 472 475 476 477
474 177 470 471 472 475 476 477 478
475 88 332 471 472 473 474 476 479
476 31 75 102 472 473 474 475 477 479 480
477 5 232 473 474 476 478 479 480 481
478 2 136 423 474 477 479 480 481 482
479 170 189 231 445 475 476 477 478 481 482
480 79 278 299 393 476 477 478 481 482 483 484
481 477 478 479 480 483 484 485
482 54 267 321 329 405 478 479 480 484 485
483 1 167 262 480 481 484 485 486 487
484 480 481 482 483 485 486 487 488
485 98 481 482 483 484 486 487 488 489
486 200 417 483 484 485 487 488 490 496
487 184 483 484 485 486 488 489 490 491
488 415 484 485 486 487 489 490 492
489 59 485 487 488 490 491 492 493
490 486 487 488 489 491 492 493 494
491 487 489 490 492 493 494 495
492 80 297 488 489 490 491 494 496
493 58 261 489 490 491 494 495 497
494 203 402 407 490 491 492 493 495 497 498
495 467 491 493 494 496 497 498
496 0 486 492 495 498 499
497 0 1 189 493 494 495 498 499
498 1 2 338 494 495 496 497 499
499 1 3 27 185 496 497 498
