0 1 3 4 52 224 496 498 499
1 0 2 3 5 497 498 499
2 1 4 5 6 222 332 498
3 0 1 4 5 7 40 81
4 0 2 3 5 6 8 272 429
5 1 2 3 4 6 7 8 9 102 417
6 2 4 5 7 8 9 10
7 3 5 6 9 11 75 88 230 355
8 4 5 6 9 10 11 12 87 338
9 5 6 7 8 10 11 12 13 62
10 6 8 9 12 13 14 264 436
11 7 8 9 12 13 14 15 129 376
12 8 9 10 11 13 14 15
13 9 10 11 12 14 15 16 17
14 10 11 12 13 15 16 17 18 285
15 11 12 13 14 16 17 18 198
16 13 14 15 17 18 19 20 410 459
17 13 14 15 16 18 19 20 21 322
18 14 15 16 17 19 20 21 22
19 16 17 18 20 21 22 23 316
20 16 17 18 19 22 23 24 302 425
21 17 18 19 22 23 24 25 102
22 18 19 20 21 23 24 25 26
23 19 20 21 22 24 25 26 27 79
24 20 21 22 23 25 26 27 229 471
25 21 22 23 24 26 27 28 29
26 22 23 24 25 28 29 30 413
27 23 24 25 29 31
28 25 26 29 30 32 161 235 358
29 25 26 27 28 30 32 33 136
30 26 28 29 31 32 33 34 90 143
31 27 30 32 33 34 334 497
32 28 29 30 31 33 34 35 36 357
33 29 30 31 32 35 36 37
34 30 31 32 35 36 37 38
35 32 33 34 36 37 38 39
36 32 33 34 35 37 38 39 40
37 33 34 35 36 38 39 40 41 269 393
38 34 35 36 37 39 40 41 42 44 217
39 35 36 37 38 40 41 43
40 3 36 37 38 39 41 43 44 194
41 37 38 39 40 42 43 44 397
42 38 41 43 44 45 46 79 219
43 39 40 41 42 44 45 46 47
44 38 40 41 42 43 47 48 471
45 42 43 46 47 48 49 325 493
46 42 43 45 47 48 49 284
47 43 44 45 46 48 49 50 51
48 44 45 46 47 49 50 51 52 153
49 45 46 47 48 50 51 128 297 331 399 453
50 47 48 49 52 53 54 237 417 466
51 47 48 49 52 54 55 129 277 294 313
52 0 48 50 51 53 54 56
53 50 52 54 56 57 82 150
54 50 51 52 53 55 56 57
55 51 54 56 57 58 59 249 308
56 52 53 54 55 57 59 60
57 53 54 55 56 58 59 60 61 223
58 55 57 60 61 63 337 493
59 55 56 57 60 61 62 63 332
60 56 57 58 59 61 63 64 120
61 57 58 59 60 62 63 64 230 306 368
62 9 59 61 63 64 65 66 93 254
63 58 59 60 61 62 64 65 66 67
64 60 61 62 63 66 67 68
65 62 63 66 67 68 69 319 397
66 62 63 64 65 67 68 69 70
67 63 64 65 66 68 70 71 439
68 64 65 66 67 69 70 72 339 368
69 65 66 68 70 71 72 73 161 226 299
70 66 67 68 69 71 72 73 74
71 67 69 70 72 74 75 180 322 390
72 68 69 70 71 74 75 76 305
73 69 70 74 75 76 77
74 70 71 72 73 75 76 77 78 166
75 7 71 72 73 74 76 77 79
76 72 73 74 75 77 78 79 80 496
77 73 74 75 76 78 79 80 81 208
78 74 76 77 79 80 81 82 498
79 23 42 75 76 77 78 81 82
80 76 77 78 82 83 84 155 243 329
81 3 77 78 79 82 83 84 85 149
82 53 78 79 80 81 83 84 85 86 281 396
83 80 81 82 84 86 314 419
84 80 81 82 83 85 86 87 88
85 81 82 84 86 87 114 309 425
86 82 83 84 85 87 88 89 90 338
87 8 84 85 86 89 90 91 378
88 7 84 86 89 90 91 92 116
89 86 87 88 90 91 92 93 153 324
90 30 86 87 88 89 92 94
91 87 88 89 92 93 94 95 169
92 88 89 90 91 93 94 95 96 427
93 62 89 91 92 94 97 261 322
94 90 91 92 93 95 96 97 98 461
95 91 92 94 97 98 99 225
96 92 94 97 98 99 100 460
97 93 94 95 96 98 99 100 101
98 94 95 96 97 99 100 101 102
99 95 96 97 98 100 101 102 103
100 96 97 98 99 101 102 103 158
101 97 98 99 100 103 104 105 130
102 5 21 98 99 100 105 134
103 99 100 101 105 107 288 483
104 101 105 107 108 227 271 377
105 101 102 103 104 106 107 108 109 202
106 105 107 108 110 478
107 103 104 105 106 111 175 393
108 104 105 106 109 110 111 112
109 105 108 110 111 112 113
110 106 108 109 111 112 114 142 203
111 107 108 109 110 112 113 114 115
112 108 109 110 111 113 115 116 183
113 109 111 112 114 115 117 272
114 85 110 111 113 116 117 118 318 361
115 111 112 113 116 118 119 250
116 88 112 114 115 117 118 119 120 260 363
117 113 114 116 118 119 120 121 308
118 114 115 116 117 119 120 121 122
119 115 116 117 118 120 123 244
120 60 116 117 118 119 121 123 124 389
121 117 118 120 122 124 125 235
122 118 121 123 124 125 126
123 119 120 122 124 125 126 204 320
124 120 121 122 123 126 127 128
125 121 122 123 126 127 128 129 334
126 122 123 124 125 127 128 129 130 494
127 124 125 126 128 129 130 131
128 49 124 125 126 127 129 132 233 466
129 11 51 125 126 127 128 130 131 133
130 101 126 127 129 131 132 133 134 360 481
131 127 129 130 132 133 134 135
132 128 130 131 133 134 135 136
133 129 130 131 132 134 135 136 137 234 470
134 102 130 131 132 133 135 136 137 138
135 131 132 133 134 136 138 139 412
136 29 132 133 134 135 138 140 164
137 133 134 138 139 140 176 252
138 134 135 136 137 139 140 141 142 261 480
139 135 137 138 141 142 143 369 429
140 136 137 138 141 142 143 144
141 138 139 140 142 143 144 145 322 335
142 110 138 139 140 141 144 145 146 295
143 30 139 140 141 144 145 147 365
144 140 141 142 143 145 147 148
145 141 142 143 144 146 147 148 495
146 142 145 147 148 149 150
147 143 144 145 146 148 149 150 151
148 144 145 146 147 150 151 152 406
149 81 146 147 151 152 153 189 385
150 53 146 147 148 151 152 288 443
151 147 148 149 150 153 154 155 474
152 148 149 150 153 154 155 156 379 410
153 48 89 149 151 152 154 156 288
154 151 152 153 155 156 157 158 177 288 307
155 80 151 152 154 156 157 158 159 246 450
156 152 153 154 155 157 158 159
157 154 155 156 159 160 161 316
158 100 154 155 156 159 160 161 238
159 155 156 157 158 160 161 162 163 291
160 157 158 159 161 162 163 164 190
161 28 69 157 158 159 160 162 163 164 165
162 159 160 161 163 165 166
163 159 160 161 162 164 165 166 167 488
164 136 160 161 163 165 167 168 237 356
165 161 162 163 164 166 168 169 216 415
166 74 162 163 165 167 168 169 220 417
167 163 164 166 168 169 467
168 164 165 166 167 169 170 171 172 384 472
169 91 165 166 167 168 170 171 258
170 168 169 171 172 173 380 415 452
171 168 169 170 173 174 175 330 436
172 168 170 173 174 175 176 358
173 170 171 172 174 175 176 218
174 171 172 173 175 176 177 178
175 107 171 172 173 174 176 177 178 179
176 137 172 173 174 175 177 178 179 180
177 154 174 175 176 178 179 180 181
178 174 175 176 177 179 180 181 182 218
179 175 176 177 178 181 182 183
180 71 176 177 178 181 182 183 184 297
181 177 178 179 180 182 183 184 185
182 178 179 180 181 183 185 186
183 112 179 180 181 182 184 185 186 187
184 180 181 183 185 186 187 188 367
185 181 182 183 184 186 187 188 189
186 182 183 184 185 187 188 190
187 183 184 185 186 188 189 191 427 433 487
188 184 185 186 187 189 190 191 192 341 433 483
189 149 185 187 188 190 191 192 233 343
190 160 186 188 189 191 192 193
191 187 188 189 190 192 193 491
192 188 189 190 191 194 195 196 222
193 190 191 195 196 197 213 388 396
194 40 192 195 197 198 268 344 361 442
195 192 193 194 198 199
196 192 193 197 198 199 200 440
197 193 194 196 198 199 200 201 450
198 15 194 195 196 197 199 200 201 202 309
199 195 196 197 198 200 202 203
200 196 197 198 199 201 202 203 204
201 197 198 200 203 204 205 266 459
202 105 198 199 200 203 204 275 461 478
203 110 199 200 201 202 204 205 207
204 123 200 201 202 203 206 208 394
205 201 203 206 207 208 209 277 299 462
206 204 205 207 208 210
207 203 205 206 209 211 408
208 77 204 205 206 210 211 212 241
209 205 207 210 211 212 213 248
210 206 208 209 211 212 213 214 268
211 207 208 209 210 212 213 214
212 208 209 210 211 213 214 215 334
213 193 209 210 211 212 215 417 499
214 210 211 212 216 218 448
215 212 213 216 217 218 219 298 366
216 165 214 215 218 219 220 235 305 479
217 38 215 218 219 220 221 366
218 173 178 214 215 216 217 219 221 222
219 42 215 216 217 218 220 221 222 223
220 166 216 217 219 221
221 217 218 219 220 222 223 225 254 331
222 2 192 218 219 221 223 224 225 226
223 57 219 221 222 224 226 227 274
224 0 222 223 225 227
225 95 221 222 224 226 227 228 229
226 69 222 223 225 228 229 230
227 104 223 224 225 228 229 230 231 356
228 225 226 227 231 232 292
229 24 225 226 227 230 231 232 233 244
230 7 61 226 227 229 231 232 233 234
231 227 228 229 230 232 233 234 235
232 228 229 230 231 234 236 399
233 128 189 229 230 231 234 235 236 237 349 392
234 133 230 231 232 233 237 238
235 28 121 216 231 233 236 237 238 239 348 420 439
236 232 233 235 237 238 239 240 400
237 50 164 233 234 235 236 238 239 241
238 158 234 235 236 237 239 240 241 242 398
239 235 236 237 238 240 241 242 243
240 236 238 239 241 242 243 244 270
241 208 237 238 239 240 242 243 244 245 375
242 238 239 240 241 244 245 246 429 480
243 80 239 240 241 244 246 247 393 413
244 119 229 240 241 242 243 245 247 248
245 241 242 244 246 247 248 249
246 155 242 243 245 248 249 284 342
247 243 244 245 248 249 250 251 344
248 209 244 245 246 247 249 250 251 252
249 55 245 246 247 248 250 251 253 438
250 115 247 248 249 253 254
251 247 248 249 252 253 254 255 397
252 137 248 251 253 254 255 256 446 467
253 249 250 251 252 254 255 256 257 312
254 62 221 250 251 252 253 257 258
255 251 252 253 256 257 258 259 475
256 252 253 255 257 258 259 260
257 253 254 255 256 258 259 260 261
258 169 254 255 256 257 259 475
259 255 256 257 258 260 261 262 263 289
260 116 256 257 259 263 264 443
261 93 138 257 259 262 263 264 265
262 259 261 263 265 266 388
263 259 260 261 262 264 265 266 267
264 10 260 261 263 266 267 463 478
265 261 262 263 267 268 269
266 201 262 263 264 267 268 269 270 475
267 263 264 265 266 268 269 270 271 451
268 194 210 265 266 267 270 271 272
269 37 265 266 267 271 273
270 240 266 267 268 272 273 376
271 104 267 268 269 273 274 275 365
272 4 113 268 270 273 274 276
273 269 270 271 272 274 275 276 333 443 475
274 223 271 272 273 276 277
275 202 271 273 276 277 278 279 459
276 272 273 274 275 277 280
277 51 205 274 275 276 278 279 281
278 275 277 279 280 281 282 433
279 275 277 278 280 281 283 480
280 276 278 279 281 283 415 454
281 82 277 278 279 280 282 283 284
282 278 281 283 285 286 317
283 279 280 281 282 284 285 286 287 395
284 46 246 281 283 287 374
285 14 282 283 286 287 289
286 282 283 285 287 288 289 290
287 283 284 285 286 288 289 290 291
288 103 150 153 154 286 287 289 290 291 292 324
289 259 285 286 287 288 291 292
290 286 287 288 291 292 293 294 356
291 159 287 288 289 290 294 295 337
292 228 288 289 290 293 294 295 296
293 290 292 295 296 297 327
294 51 290 291 292 296 298
295 142 291 292 293 296 297 298 299
296 292 293 294 295 297 298 300
297 49 180 293 295 296 298 299 300 301
298 215 294 295 296 297 299 301 302 314
299 69 205 295 297 298 301 302 303
300 296 297 301 302 303 304
301 297 298 299 300 303 304 305 482
302 20 298 299 300 303 304 305 306
303 299 300 301 302 304 307
304 300 301 302 303 305 306 307
305 72 216 301 302 304 307 308 309
306 61 302 304 307 308 310 363 453
307 154 303 304 305 306 308 309 311
308 55 117 305 306 307 309 311 443
309 85 198 305 307 308 310 313
310 306 309 312 314 361 430 491
311 307 308 312 313 314 315
312 253 310 311 313 315 316 417
313 51 309 311 312 315 316 317 457
314 83 298 310 311 315 316 317 318 419
315 311 312 313 314 316 317 319 406
316 19 157 312 313 314 315 318
317 282 313 314 315 318 319 320
318 114 314 316 317 319 320 321 322
319 65 315 317 318 320 323 401
320 123 317 318 319 321 322 323 324 379
321 318 320 322 323 324 325 356
322 17 71 93 141 318 320 321 323 324 325 460
323 319 320 321 322 324 325 326
324 89 288 320 321 322 323 325 328
325 45 321 322 323 324 326 327 328 329
326 323 325 327 328 329 330 432 442
327 293 325 326 328 329 331 335 366
328 324 325 326 327 329 330 332 481
329 80 325 326 327 328 330 331 332 410
330 171 326 328 329 331 332 333 334 348
331 49 221 327 329 330 332 333 334 335
332 2 59 328 329 330 331 333 334 335
333 273 330 331 332 335 336
334 31 125 212 330 331 332 336 337 384
335 141 327 331 332 333 336 338
336 333 334 335 337 338 339 340 376
337 58 291 334 336 338 339 340 341 428
338 8 86 335 336 337 339 341 342
339 68 336 337 338 340 342 343
340 336 337 339 341 342 343
341 188 337 338 340 343 344 345
342 246 338 339 340 343 344 345 346
343 189 339 340 341 342 344 345 346 347
344 194 247 341 342 343 345 346 347 348 421 424
345 341 342 343 344 346 347 348
346 342 343 344 345 349 350
347 343 344 345 348 349 350 351 417
348 235 330 344 345 347 349 350 351 490
349 233 346 347 348 351 352 353 382
350 346 347 348 351 352 353 354 387
351 347 348 349 350 352 354
352 349 350 351 353 354 355 356 392
353 349 350 352 354 356 357
354 350 351 352 353 355 357 358
355 7 352 354 356 357 436 499
356 164 227 290 321 352 353 355 357 358 359 360
357 32 353 354 355 356 359 360 361
358 28 172 354 356 359 360 361 362
359 356 357 358 360 363
360 130 356 357 358 359 361 363 364
361 114 194 310 357 358 360 362 364 394
362 358 361 363 364 480 495
363 116 306 359 360 362 364 366 367
364 360 361 362 363 365 366 367 368
365 143 271 364 366 367 369 403 475
366 215 217 327 363 364 365 367 368 369 370
367 184 363 364 365 366 369 370 371
368 61 68 364 366 369 370 371 372
369 139 365 366 367 368 370 371 372 373
370 366 367 368 369 372 373
371 367 368 369 372 373 374 375 398
372 368 369 370 371 373 374 375 376
373 369 370 371 372 374 375 376 377
374 284 371 372 373 375 376 377 378
375 241 371 372 373 374 376 377 378 379
376 11 270 336 372 373 374 375 377 378 380
377 104 373 374 375 376 378 379 380 381 433
378 87 374 375 376 377 380 382
379 152 320 375 377 380 381 382 383
380 170 376 377 378 379 381 382 383 384
381 377 379 380 382 383 384 385
382 349 378 379 380 381 383 384 385 386
383 379 380 381 382 384 386 387
384 168 334 380 381 382 383 386 387 389
385 149 381 382 386 387 389
386 382 383 384 385 387 389 390
387 350 383 384 385 386 388 389 391
388 193 262 387 390 392 482
389 120 384 385 386 387 391 392 393
390 71 386 388 391 392 393 394 438
391 387 389 390 392 393 394 395
392 233 352 388 389 390 391 393 394 395 396
393 37 107 243 389 390 391 392 396
394 204 361 390 391 392 396 397 398 488
395 283 391 392 396 398 406
396 82 193 392 393 394 395 397 398 399 403
397 41 65 251 394 396 398 399 400 401
398 238 371 394 395 396 397 399 400 401 402
399 49 232 396 397 398 401 403
400 236 397 398 401 402 403 404
401 319 397 398 399 400 402 403 404 405
402 398 400 401 403 404 406
403 365 396 399 400 401 402 405 407
404 400 401 402 405 406 407 408
405 401 403 404 406 407 408 409 464
406 148 315 395 402 404 405 407 408 409 413 492
407 403 404 405 406 408 409 410 411
408 207 404 405 406 407 410 411 412 488
409 405 406 407 410 411 412 413
410 16 152 329 407 408 409 412 413
411 407 408 409 412 413 414 415 464
412 135 408 409 410 411 414 415 416
413 26 243 406 409 410 411 414 415 416 417
414 411 412 413 415 416 417 418
415 165 170 280 411 412 413 414 416 417 418 419
416 412 413 414 415 417 418 420
417 5 50 166 213 312 347 413 414 415 416 421 470
418 414 415 416 419 420 421 422
419 83 314 415 418 420 421 422 423
420 235 416 418 419 421 422 423 424
421 344 417 418 419 420 423 424 425
422 418 419 420 423 425 426 467
423 419 420 421 422 424 425 426 427 446
424 344 420 421 423 425 426 428 475
425 20 85 421 422 423 424 426 427 428 429
426 422 423 424 425 427 428 429 430
427 92 187 423 425 426 428 429 430 431
428 337 424 425 426 427 429 431 432
429 4 139 242 425 426 427 428 430 431 433
430 310 426 427 429 432 434
431 427 428 429 432 433 434 435
432 326 428 430 431 433 435 436 447
433 187 188 278 377 429 431 432 436 437
434 430 431 435 436 437 438
435 431 432 434 436 437 438
436 10 171 355 432 433 434 435 437 438 439 451 453
437 433 434 435 436 438 439 440 441
438 249 390 434 435 436 437 439 440 441 442 451
439 67 235 436 437 438 440 441 443
440 196 437 438 439 441 442 444
441 437 438 439 440 442 443 444 445
442 194 326 438 440 441 444 445 446
443 150 260 273 308 439 441 445 447
444 440 441 442 445 447 448
445 441 442 443 444 446 447 448 449
446 252 423 442 445 447 448 449
447 432 443 444 445 446 448 449 451
448 214 444 445 446 447 450 451 452
449 445 446 447 450 452 453
450 155 197 448 449 452 454
451 267 436 438 447 448 452 453 454 455
452 170 448 449 450 451 454 455 456
453 49 306 436 449 451 454 455 456 457
454 280 450 451 452 453 455 456 457 458
455 451 452 453 454 456 457 458 459
456 452 453 454 455 458 459
457 313 453 454 455 458 459 461
458 454 455 456 457 459 460 461 462
459 16 201 275 455 456 457 458 460 461 463
460 96 322 458 459 461 462 463 464 466
461 94 202 457 458 459 460 462 463 465
462 205 458 460 461 464 465 466 497
463 264 459 460 461 464 465 466 467
464 405 411 460 462 463 465 467 468
465 461 462 463 464 468 469
466 50 128 460 462 463 468 469 470
467 167 252 422 463 464 468 469 470
468 464 465 466 467 469 470 471 472
469 465 466 467 468 470 471 472 473
470 133 417 466 467 468 469 472 473 474
471 24 44 468 469 473 475
472 168 468 469 470 473 474 475
473 469 470 471 472 474 475 476 477
474 151 470 472 473 476 477 478
475 255 258 266 273 365 424 471 472 473 476 479
476 473 474 475 477 478 479 480
477 473 474 476 478 479 480 481
478 106 202 264 474 476 477 479 481
479 216 475 476 477 478 481 482 483
480 138 242 279 362 476 477 481 482 484
481 130 328 477 478 479 480 482 483 485
482 301 388 479 480 481 483 484 485 486
483 103 188 479 481 482 485 486 487
484 480 482 485 486 487
485 481 482 483 484 486 487 488 489
486 482 483 484 485 487 489 490
487 187 483 484 485 486 488 491
488 163 394 408 485 487 489 491 492
489 485 486 488 490 491 492
490 348 486 489 491 493 494
491 191 310 487 488 489 490 492 493 494 495
492 406 488 489 491 493 495 496
493 45 58 490 491 492 494 495 496 497
494 126 490 491 493 495 496 497 498
495 145 362 491 492 493 494 496 497 498 499
496 0 76 492 493 494 495 497 499
497 1 31 462 493 494 495 496 498 499
498 0 1 2 78 494 495 497 499
499 0 1 213 355 495 496 497 498
